101121
101122
101126
101128
101130
101137
101139
101142
101145
101146
101148
101151
101152
102927
102928
102930
102932
102933
102934
102937
102939
102941
102942
102944
102945
102946
102948
102952
102953
102954
102955
102961
102962
102964
102967
102968
102969
102971
102975
102977
102979
102983
102985
102988
102990
102993
102995
102997
106608
106611
106615
106620
106621
106624
106626
106629
106630
106635
106636
106639
106640
106642
106644
106653
106654
106656
106657
106658
106659
106662
106685
106688
106689
106692
106695
106697
106700
106701
106703
106708
106710
106711
106713
106716
11594
11595
11596
11597
11598
11599
11600
11601
11602
11603
11604
11605
11606
11607
11608
11609
11610
11611
11612
11613
11614
11615
11616
11617
11618
11619
11620
11621
11622
11623
11624
11625
11626
11627
11628
11629
11630
11631
11632
11633
168308
168309
168312
168315
168316
168319
168320
168322
168323
168325
168326
168328
168332
168334
168336
168340
168342
168343
168348
168351
168383
168385
168386
168388
168392
168394
168395
168397
168398
169887
169890
169899
169903
169906
169910
169912
169914
169918
169922
169925
169926
169928
169930
169934
169937
169942
169943
169946
169949
169950
169952
169972
169974
169977
169978
169982
169986
169989
169990
169995
169998
170003
170006
170007
171309
171311
171312
171313
171314
171315
171316
171317
171318
171321
171322
171324
171326
171328
171329
171331
171333
171346
171348
171353
171356
171360
171364
171366
171367
171369
171370
171371
171372
171374
171378
171383
171386
171388
171390
171393
171395
171402
171405
171411
171415
172925
173438
173440
173450
174006
174042
174043
174048
174060
174078
174138
174141
174143
174146
174148
174152
174155
174160
174162
174167
174174
174186
174188
174193
174196
174198
174206
174211
174216
174219
174229
174234
174236
174240
174244
174246
174250
174251
174264
174267
174272
174275
174282
174290
174297
174302
175433
176131
176132
176135
176140
176141
176144
176149
176151
176152
176154
176156
176182
176183
176185
176186
176188
176189
176191
176192
176194
176196
176204
176205
176209
176212
176231
176249
176254
176258
176263
176265
176272
176274
176275
176283
17635
17642
17643
17644
17645
17646
17758
17759
177731
178956
178957
178959
178960
178961
178962
178963
178964
178966
178968
178969
178972
178974
178975
178976
178977
178979
178981
178982
178983
178985
178997
179001
179004
179007
179009
179017
179019
179022
179025
179043
179052
179061
179109
179117
179121
179126
179131
179138
179144
179146
180620
181189
181190
181192
181193
181194
181195
181196
181197
181198
181200
181203
181204
181208
181211
181213
181214
181215
181217
181225
181228
181237
181238
181241
181243
181247
181248
181250
181251
181254
181255
181258
181262
181264
181270
181274
181278
183447
183448
183451
183456
183462
183466
183468
183471
183474
183480
183483
183485
183493
183495
183499
183503
183506
183512
183514
183518
183520
183522
183524
183526
183541
183555
183579
183585
183588
183591
183595
183599
183603
183606
183613
183616
183619
183620
183622
184907
184909
184913
184916
184948
184968
184973
184978
185754
185755
185759
185764
185767
185771
185773
185776
185778
185791
185795
185799
185801
185804
185807
185811
185816
185821
185824
185827
185831
185835
185839
185842
185847
185849
185850
185856
185862
185866
185871
185885
185889
185893
185900
185903
185910
185913
187067
187074
187079
187085
187088
187092
187095
187098
187102
187111
187121
187126
187913
187918
187922
187925
187926
187928
187930
187932
187933
187935
187938
187940
187942
187943
187944
187945
187946
187947
187949
187951
187953
187955
187957
187958
187960
187961
187964
187972
187977
187983
187987
187989
187990
188047
188052
189524
189529
189530
189533
189535
189538
189540
189542
189544
189551
190949
190955
190961
190978
190981
190985
190987
190991
190993
190997
190999
191002
191003
191011
191014
191017
191019
191021
191023
191026
191030
191036
191038
191043
191047
191059
191072
191078
191084
191096
191106
191109
192069
192072
192102
192105
192117
192122
192129
192135
192136
192142
192143
192147
192149
192153
192154
192157
192158
192159
192161
193557
193559
193560
193561
193569
193570
193571
193578
193584
193585
193587
193592
193595
193598
193601
194916
194918
194919
194927
194928
194936
194938
194957
194959
194964
194968
194974
194979
194983
194985
194991
194998
195001
195004
195008
195012
195014
195033
195037
195039
195041
195045
195057
195063
195067
195071
195088
195094
195098
195100
195103
195114
195120
198084
198085
198087
198088
198090
198095
198625
198629
198632
198637
198642
198645
198650
198653
198656
198659
198662
198664
198668
198670
198672
198674
198679
198680
198683
198686
198692
198698
198702
198706
198711
198714
198719
198725
198730
198734
198743
198758
198768
198780
198794
198803
200961
200971
200980
200982
200983
201001
201005
201010
201022
201024
201029
201071
201081
201084
201087
202150
202151
202152
202153
202154
202155
202158
202162
202164
202169
202172
202175
202178
202180
202184
202186
202187
202189
202192
202195
202198
202200
202207
202210
202212
202215
202220
202221
202222
202224
202227
202229
202232
202237
202239
203886
203889
203915
203917
203935
203953
203959
203966
203972
205347
205354
205361
205371
205376
205377
205382
205384
205387
205390
205392
205395
205397
205399
205405
205407
205408
205413
205416
205419
205421
205448
205460
205470
205473
205475
205479
205485
205491
205495
205504
205509
205512
205514
205515
205519
205524
205526
206345
206387
208306
208307
208309
208310
208312
208314
208317
208319
208322
208326
208328
208331
208333
208335
208336
208338
208341
208343
208345
208349
208351
208354
208356
208358
208359
208361
208362
208367
208368
208369
208370
208371
208372
208373
209395
209397
209399
209401
209413
210241
210244
210248
210253
210256
210262
210267
210269
210273
210276
210278
210281
210309
210314
210317
210320
210322
210325
210330
210333
210336
210339
210342
210345
210346
210349
210352
210355
210358
210371
210375
210390
210396
210402
212505
212511
212515
212518
212520
212524
212528
212531
217380
217381
217382
217383
217384
217385
217386
217387
217388
217389
217390
217391
217392
217395
217397
217398
217400
217402
217406
217410
217415
217418
217431
217433
217434
217435
217436
217437
217438
217439
217440
217441
217442
217443
217444
217446
218192
218194
218195
218198
218205
218208
218247
218250
218254
218268
218273
219015
219017
219018
219019
219020
219022
219024
219026
219028
219030
219032
219034
219037
219041
219046
219048
219050
219053
219056
219059
219060
219066
219069
219072
219073
219076
219077
219106
219110
219118
219123
219143
219149
219152
219158
220450
220451
220452
220456
220458
220459
220465
220889
220890
220892
220893
220897
220898
220899
220900
220901
220902
220903
220904
220905
220906
220907
220908
220909
220910
220913
220915
220918
220920
220922
220923
220925
220927
220932
220937
220941
220946
220949
220960
220979
220983
222185
222207
222219
222244
223358
223360
223362
223364
223365
223366
223367
223368
223369
223370
223371
223372
223373
223374
223375
223376
223377
223379
223380
223381
223382
223383
223384
223385
223388
223408
223409
223412
223413
223414
223415
223416
223417
223418
223420
223421
223422
223423
224236
224238
224245
224247
224248
224249
224252
224254
224256
224257
224258
224260
225288
225292
225294
225295
225297
225299
225301
225302
225305
225307
225308
225311
225313
225321
225323
225327
225331
225334
225336
225340
225346
225354
225360
225365
225369
225382
225387
225390
225399
225411
225420
225422
225429
225432
225434
225437
22603
22604
22605
22606
22608
22609
22610
22612
22613
22614
22615
22616
22617
22618
22619
22620
22621
22622
226306
226313
226985
226992
226995
227000
227003
227009
227015
227020
227024
227028
227032
227036
227040
227044
227048
227053
227059
227069
227074
227081
227084
227085
227092
227093
227094
227096
227098
227099
227101
227112
227131
227137
227138
227139
228384
228386
228387
228397
228401
228402
228420
228554
228558
228559
228561
228564
228565
228568
228569
228570
228572
228595
228598
228600
228604
228679
228688
228702
228742
228744
230363
230368
230370
230375
230377
230385
230387
230388
230389
230393
230402
230406
230409
230417
230421
230425
230427
230431
230435
230437
230440
230442
230446
230449
230451
230459
230463
230466
230471
230480
230483
230489
231057
231069
231073
231077
231080
231102
231505
231736
231737
232578
232579
232581
232582
232594
232596
232598
232604
232607
232614
232615
232617
232618
232620
232621
232624
232626
232627
232629
232630
232632
232633
232635
232637
232641
232644
232649
232655
232660
232663
232668
232671
232672
234446
234449
234450
234451
234452
234454
234455
234468
234475
234484
234486
234487
234490
234493
234495
234496
234497
234498
234502
234504
234506
234510
234512
234513
234514
234515
234519
234522
234526
234529
234532
234535
234538
236797
236801
236803
236805
236807
236809
236810
236813
236816
236819
236821
236825
236832
236840
236842
236847
236852
236855
236860
236863
236866
236871
236872
236874
236876
236877
236880
236888
236908
236911
237876
237880
237885
237891
237895
237900
237907
238386
238388
238389
238390
238394
238396
238400
238403
238405
238407
238410
238411
238415
238417
238424
238427
238429
238438
238441
238442
238444
238446
238467
238488
238495
238515
238526
238537
238549
238555
238563
239984
239985
239986
239988
239989
239990
239991
239992
239994
241243
241247
241254
241257
241262
241263
241264
241267
241270
241272
241279
241281
241284
241285
241287
241288
241293
241295
241298
241304
241307
241309
241311
241313
241315
241318
241320
241323
241324
241325
241326
241329
241332
241333
241336
241339
241342
242083
242085
242087
242262
242498
243089
244788
244793
244797
244799
244801
244806
244808
244811
244818
244819
244824
244826
244827
244836
244839
244846
244852
244859
244863
244870
244880
244885
244891
244894
244898
244901
244904
244908
244916
244920
246060
246069
246073
246077
246232
246234
246235
246238
246239
246242
246255
246371
247250
247994
247996
247997
248001
248005
248301
248306
248311
248313
248317
248319
248321
248323
248327
248330
248334
248340
248343
248349
248353
248355
248358
248364
248366
248736
248737
248738
248759
248797
248807
248819
248936
248937
248938
248939
248945
249647
250012
250063
251321
251328
251331
251336
251340
251342
251347
251350
251352
251354
251356
251360
251362
251363
251366
251369
251371
251372
251374
251376
251379
251380
251392
251397
251401
251403
251404
251405
251407
251409
251414
251416
251418
251419
251420
252201
252210
252211
252214
252216
252217
252219
252221
252225
252226
252237
252241
252248
253643
253652
253662
253672
253679
253682
253686
253692
253856
253865
253872
253882
253894
253907
253910
253912
253922
253927
253935
253940
253950
253958
253962
253966
253973
253995
254009
254021
254038
255179
255193
255202
255212
255224
255231
255235
255241
255247
255250
255253
255296
255300
255304
255309
255312
255317
255322
255324
255328
255330
255333
255336
255338
255340
255343
255348
255354
255362
255369
255372
255374
255380
255385
255391
255395
255399
255403
255408
255412
255418
255421
255426
255430
255436
255439
255441
255445
255453
255457
255464
256011
256123
256124
256125
256127
256129
256132
256135
256137
256138
256139
256140
256141
256388
25650
25652
25658
25662
25672
25673
25675
25676
25677
25678
25680
25681
25682
25684
25686
25688
25689
25691
25693
25694
25697
25698
25702
25706
25711
25713
25715
25717
25719
25721
25723
25725
25729
25730
25732
25735
25737
25745
25747
25751
25759
25763
25766
25768
25772
25776
25780
25782
257855
257859
25786
257868
257871
257877
25788
257897
257905
257912
257919
257929
25794
257985
257990
257993
25805
25826
25829
25832
25848
25851
25853
25855
25857
25874
25875
25876
25881
25884
25886
25888
25891
25894
258981
258983
258993
258995
258996
25902
25905
25909
25912
25913
25915
25916
262361
262365
262367
264950
264961
265357
265362
265367
265374
265392
265634
265635
265639
265692
265694
265696
265698
265702
265704
265706
265710
265713
265724
265729
265731
265747
265751
265754
265757
265764
265767
265772
265777
268309
268914
27367
27369
27373
27377
27380
27381
27382
27383
27384
27385
27386
27387
27388
27389
27390
27391
27392
27393
27394
27395
27396
27397
27398
27399
27401
27402
27403
27404
27406
27407
27408
27409
27410
27412
27414
27415
27418
27419
27421
27422
27424
27425
27426
27428
27430
27431
27432
27433
274574
274582
275375
275386
275389
275391
275393
275394
275395
275396
275402
275405
275407
275409
275413
275415
275416
275421
275425
275426
275428
275430
275431
275432
275433
275437
275440
275443
275448
275453
275457
275461
275462
275467
275469
275472
275474
275476
275479
275480
275483
27656
279807
279813
279816
279817
279821
279824
279827
279828
279830
279832
279833
279835
279838
279840
279843
279844
279848
279851
279852
279856
279857
279863
279870
279873
279874
279877
279881
279885
279886
279892
279895
279897
279898
279900
279902
279904
279906
279908
279910
279911
281892
281944
281946
281948
281949
281951
281953
281955
281957
281959
281960
281963
281964
281966
281969
281970
281971
281972
281973
281974
281975
281977
281978
281980
281982
281997
281999
282001
282004
282006
282010
282012
282013
282016
283307
283478
283509
285727
285731
285734
285737
285741
285742
285745
285746
285747
285753
285756
285759
285760
285766
285768
285774
285777
285779
285781
285783
285786
285788
285792
285795
285799
285802
285808
285813
285815
285818
285821
285822
285824
285825
285829
285832
287673
287694
287719
287743
287821
287828
287867
287906
290509
290511
290514
291147
291149
291153
291155
291160
291164
291168
291169
291171
291174
291176
291180
291184
291187
291190
291195
291198
291201
291203
291206
291214
291219
291222
291225
291232
291243
291246
291248
291251
291252
291254
291259
292714
292720
292725
292730
292731
292737
292741
292746
292749
292751
292753
292756
292758
292760
292763
292765
292769
292772
293549
293580
293754
293755
293756
293757
293758
293759
293761
293762
293763
293764
293765
293766
293768
293769
293772
293774
293776
293780
293783
293784
293785
293787
293788
293790
293791
293792
293795
293798
293799
293800
293801
293802
293803
293804
293806
293807
293811
29462
294739
294740
294743
294745
294748
294751
294756
294764
294770
294775
294778
294785
294791
294796
294798
294807
294810
294812
294815
294817
29644
296477
296493
296513
296532
296554
296887
296890
296892
296893
296894
296896
296898
296901
296904
296905
296910
296912
296913
296917
296919
296923
296926
296932
296934
296938
296941
296942
296946
296948
296954
296957
296959
296961
296963
296964
296968
296969
296972
297620
297621
297625
297626
297627
297630
297634
297636
297637
297837
297847
29908
29911
29916
29919
29921
29923
29930
299620
299621
299624
299625
299626
299631
299634
299635
299639
299642
299645
299648
299650
299653
299655
299658
299660
299661
299663
299666
299668
299671
299673
299674
299677
299683
299684
299686
299688
299689
299690
299692
323747
34325
34327
34329
34331
34333
34335
34337
34339
34341
34344
34347
34349
34352
34354
34356
34359
34360
34362
34364
34366
34368
34370
34372
34374
34376
34379
34382
34383
34385
34387
34389
34391
34397
34399
34402
34403
34405
34407
34410
34416
34418
34419
34420
34421
34422
34423
34424
34426
35028
35029
35032
35034
35037
35040
35043
35044
35047
35050
35055
35061
35070
35074
35080
35084
35088
35091
35096
35100
35104
35107
35113
35120
35124
35129
35139
36158
38246
38257
38262
38266
41953
41955
41957
41959
41961
41962
41965
41967
41973
41977
41981
41984
41987
41990
41995
45132
46940
46948
46959
46972
46977
46986
46990
46995
46999
47002
47094
47095
47096
47097
47098
47099
47100
47101
47102
47106
47109
47111
47113
47114
48617
48618
48619
48620
48622
48624
48625
48626
48629
48630
48633
48635
48636
48640
48645
48665
48667
48668
48670
48671
48673
48674
48676
48678
48680
48681
48682
48683
48686
48690
48695
48697
48699
48702
48706
48710
48712
48716
48721
48726
48869
49979
499826
499828
499831
499833
499834
499836
499839
499840
499842
499843
499845
499846
499850
499852
499853
499854
499858
499862
499865
499866
499870
499872
499874
499877
499880
499883
499885
499889
499890
499892
499893
499897
499900
501099
501100
501102
501105
501106
50307
50310
50315
50317
503189
503192
503200
503229
50323
503236
50324
50326
50328
503286
50329
50333
50340
50343
50345
50348
50351
50352
50362
50365
50369
50375
50378
50386
50390
50392
50393
50396
50398
50417
50420
50423
50428
50434
50438
50443
50448
50452
50455
50458
50461
50464
50471
50474
50476
50482
504962
504971
504976
50501
50525
50529
50549
50550
50551
50552
505521
50555
50556
505818
505819
505820
505821
505823
505824
50603
50606
50608
50610
50611
50616
50617
50618
50619
50620
50625
50627
50631
50632
50634
50636
50637
50641
50644
507117
507126
507129
507132
507136
507139
507140
507141
507143
507144
507147
507149
507151
507153
507157
507159
507163
507168
507171
507176
507177
507184
507188
507191
507193
507204
507206
507212
507215
507217
510707
510711
510712
510717
510719
510721
510725
510729
510731
510738
510741
510744
510747
510750
510766
510769
510772
510774
510777
510780
510782
510785
510788
510792
510795
510798
510801
510804
510806
510808
512589
512591
513594
513597
513601
513604
513610
513613
513617
513620
513626
513630
513633
513636
513641
513643
513645
513648
513649
513651
513653
513655
513657
513663
513664
513666
513667
513668
513672
513674
513676
513677
513679
513680
513682
513686
513687
513806
513807
513813
513817
513824
514172
514195
514308
514372
51591
51598
51643
516913
516917
516919
516923
516924
516927
516929
516932
516934
516940
516944
516948
516952
516953
516956
516958
516960
516963
516965
516969
516971
516973
516976
516977
516980
516985
516987
516991
516995
516997
516999
517002
51707
51815
519334
519337
519339
519341
519343
519344
519345
519346
519348
519349
519352
519357
519359
519363
519365
519366
519369
519371
519374
519375
519379
519382
519384
519386
519388
519391
519394
519395
519398
519403
519407
519412
519417
519422
519426
519557
519563
519569
519575
519577
519580
519584
519587
519588
519589
519591
519595
519597
519599
519602
519605
519608
519617
519629
519632
519640
520921
520931
520960
520978
521014
522147
522148
522151
522153
522155
522157
522158
522161
522162
522163
522166
522167
522169
522170
522172
522176
522180
522182
522184
522190
522192
522194
522197
522199
522200
522202
522204
522205
522209
522210
522212
522517
522521
522525
522528
522533
522535
522540
522542
522546
522549
522553
522555
522559
522566
522568
522571
522573
522578
522581
522584
522586
522587
522591
522595
522597
522599
522601
522603
522605
522607
522610
522613
522615
522617
522618
522620
522625
522626
522628
522629
522631
522634
522635
522641
522644
522645
522648
522650
522652
522655
523461
523486
523544
523578
523823
523868
523894
523920
523961
523995
524156
525303
525304
525306
525307
525310
525312
525314
525319
525320
525322
525324
525327
525329
525330
525332
525333
525335
525336
525338
525339
525341
525343
525344
525346
525347
525349
525351
525353
525355
525357
525358
525361
525362
525364
525366
525368
525370
525371
525373
525374
525376
525377
525380
525381
525384
525386
525388
525389
525391
525392
52575
52578
52583
52587
52590
52593
52596
52599
52603
52605
52607
52609
52611
52613
52615
52616
52618
52619
52621
52622
52623
52624
52625
52631
52633
52634
52635
52636
52638
52639
52640
52641
52642
52643
52644
52645
52646
52647
52648
52649
52650
52651
52652
52653
52660
52661
52662
52663
52684
52686
52688
52690
52691
526929
526935
52695
526965
52698
526990
52702
52720
52723
52724
52725
52726
52728
527810
527812
527864
527867
527870
527872
527874
527876
527879
527880
527881
527882
527883
527885
527886
527887
527888
527889
527891
527893
527895
527898
527899
527901
527902
527905
527906
527907
527909
527911
527915
527918
527919
527921
527922
527924
527927
527931
527936
527942
527946
527951
527954
527960
527965
527966
527967
527969
527971
527973
528358
528359
528362
528366
528367
528369
528371
528373
528376
528378
528380
528381
528383
528384
528386
528388
528390
528391
528393
528395
528396
528397
528400
528403
528404
528405
528406
528407
528409
528410
528644
528655
528690
528778
529399
529401
529404
529407
529411
529415
529418
529424
529430
529434
529439
529442
529445
529448
529453
529457
529461
529463
529466
529469
529472
529475
529477
529481
529484
529487
529490
529492
529493
529494
529495
529497
529498
529499
529501
529503
529504
529505
529506
529507
529508
529509
529510
529512
529513
529514
529515
529516
529517
529519
530697
530699
530701
530703
530705
530707
530709
530712
530714
530716
530720
530722
530727
530731
530733
530735
530736
530738
530740
530742
530743
530744
530745
530747
530749
530750
530752
530756
530759
530761
530762
530765
532008
532009
532010
532012
532013
532014
532015
532017
532018
532020
532021
532023
532024
532025
532026
532027
532030
532032
532034
532036
532038
532039
532041
532044
532046
532048
532050
532051
532052
533898
533901
533902
533903
533904
533905
533906
533908
533909
533910
533911
533913
533914
533915
533919
533923
533926
533927
533929
533931
533934
533936
533937
533940
533942
533945
533947
533950
533953
533956
533959
533962
533965
533968
533971
533974
533976
533980
533983
533986
533988
533989
533992
533995
533996
533999
534001
534004
534005
534010
534441
534444
534445
534446
534447
534448
534449
534450
534451
534453
534454
534455
534456
534458
534461
534464
534468
534469
534471
534475
535457
536070
536071
536073
536076
536078
536081
536084
536086
536089
536091
536093
536095
536097
536101
536102
536104
536106
536107
536111
536113
536118
536120
536121
536122
536124
536126
536127
536129
536130
536132
536134
536136
536137
536138
536140
536142
536144
536145
536350
536481
536498
536527
536899
536907
536909
536911
536913
536919
536921
536924
536930
536933
536937
536942
536944
536948
536952
536956
536958
536962
536965
536967
536970
536973
536976
536978
536980
536984
536998
537004
537008
537010
537013
537014
537016
537020
537024
537029
537031
537035
537041
537050
537055
53706
537062
537068
537069
537071
537074
537076
537077
53708
537080
537084
53709
537195
537214
537246
537312
53834
53840
53848
53857
53858
538659
538660
538663
538666
538669
538671
538672
538673
538674
538677
538678
538679
538680
538682
538683
538684
538685
538686
538687
538688
538690
538691
538692
538694
538696
538697
538698
538699
538703
538705
538706
538707
539566
539568
539571
539574
539579
539582
539585
539588
539591
539597
539599
539603
539605
539609
539614
539620
539623
539628
53963
539631
539633
539634
539635
539636
539637
539638
539639
539640
539641
539643
539645
539646
539647
539648
539649
539652
539656
539660
539662
539668
539670
539674
539677
539678
539679
539684
539687
53969
539690
539693
539696
539699
54038
540404
540405
540408
540409
540410
540412
540415
540418
540421
540425
540433
540437
540441
540445
540449
540454
540459
540463
540464
540466
540468
540469
540470
540472
540473
540474
540475
540477
540479
540480
540481
540482
540487
540490
540495
540499
540505
540508
540511
543259
543265
543269
543271
543272
543276
543277
543279
543282
543284
543289
543293
543295
543302
543306
543307
543312
543332
543333
543334
543335
543336
543337
543338
543339
543340
543341
543342
543343
543344
543345
543346
543347
543348
543349
543350
543351
543352
543353
543354
543355
543356
543357
543358
543359
543360
543361
543362
543363
543364
544206
544208
544209
544210
544211
544212
544213
544214
544216
544217
544219
544220
544221
544222
544223
544225
544226
544227
544228
544229
544231
544232
544233
544234
544235
544236
544238
544239
544240
544242
544243
544244
544246
544369
544373
544375
544378
544380
544384
544386
544389
544392
544394
544396
544397
544400
544402
544405
544408
544409
544410
544414
544417
544424
544426
544429
544430
544435
544436
544438
544440
544443
544445
544446
544449
544451
544453
544456
544459
544460
544463
544468
544470
544591
544607
544683
545148
545191
546308
546311
546313
546315
546318
546320
546323
546324
546329
546332
546334
546337
546339
546344
546345
546351
546359
546366
546393
546398
546402
546404
546406
546410
546412
546414
546415
546418
546427
546428
546429
546430
54747
54748
54750
54754
54755
54759
54760
54763
547655
54767
547673
547677
54770
54771
547716
547718
54772
547721
547727
54773
547748
54775
54777
547782
547798
547806
547812
547821
547873
548043
548051
548055
548057
548059
548061
548064
548069
548071
548074
548075
548076
548077
548078
548079
548082
548083
548085
548087
548090
548091
548092
548093
548094
548096
548097
548100
548103
548105
548108
548111
548113
548116
548121
548137
548141
548148
548152
548154
548155
548156
548157
548159
548160
548162
548163
548164
548165
548166
548285
548313
548319
548325
548327
54937
54939
54942
54971
54972
54974
54976
54978
54979
54982
54987
54990
54991
54993
54994
54997
54998
55001
55003
55007
55009
55010
55012
55015
550150
550154
550159
55016
550162
550167
550169
550170
550172
550173
550179
550182
550184
550186
550189
55019
550190
550191
550193
550195
550198
550200
550202
550205
550206
550210
550217
550219
550223
550225
550227
550228
55023
550231
550233
550235
550237
550240
550242
55061
552038
552090
552142
552191
552237
553978
553980
553981
553983
553985
553988
553990
553992
553994
553996
553997
553999
554001
554003
554005
554007
554010
554012
554014
554021
554037
554040
554041
554042
554044
554045
554046
554047
554048
554049
554050
554051
554052
554054
554055
554056
554057
554058
554059
554060
554124
554126
554127
554129
554132
554133
554134
554139
554140
554143
554145
554146
554147
554149
554150
554152
554153
554155
554157
554158
554161
554163
554164
554166
554167
554170
554172
554174
554175
554176
554178
554180
554182
554183
554185
554187
554188
554189
554191
554193
554194
556271
556272
556273
556277
556278
556279
556280
556281
556284
556285
556286
556289
556293
556295
556296
556298
556299
556301
556302
556303
556306
556309
556311
556313
556314
556315
556316
556317
556318
556319
556320
556323
556324
556782
556786
556796
556797
556802
556806
556809
556812
556817
556923
556924
556925
556928
556929
556931
556933
556935
556938
556939
556941
556943
556944
556948
556949
556952
556954
556956
556959
556962
556964
556965
556968
556972
556974
556975
556977
556978
556979
556980
556984
556986
556987
556988
556990
556992
556995
556997
557000
557001
557002
557006
557007
557010
557014
557016
557018
557020
557021
557025
557028
557030
557032
557034
557035
557037
557039
557041
557042
557044
557045
557047
557049
557051
557052
557053
557054
557055
557056
557058
557059
557061
557062
557065
557066
557068
557069
557070
557072
557073
557074
557075
557076
557077
557078
557079
557080
557081
557082
557083
557255
557344
557374
557376
557377
557378
557380
557381
557385
557389
557407
557414
557415
557416
557418
557419
557420
557421
557422
557425
557434
557438
557444
557451
557455
557460
557465
557467
557469
557473
557476
557479
557493
557501
557513
557519
557525
557530
557533
557535
557540
557545
557547
557549
557554
557559
557562
557565
557569
557573
557589
557593
557597
557602
557604
557607
557609
557613
557692
558113
558134
558143
558146
558151
558317
558318
558322
558327
558331
558332
558334
558337
558338
558339
558342
558343
558345
558347
558348
558349
558351
558353
558356
558358
558360
558362
558364
558372
558384
558389
558398
558404
558408
558413
558419
558424
558429
558436
558442
558451
558457
558463
558467
558482
558488
558493
558512
558515
558518
558521
558522
558523
558525
558526
558529
558546
558550
558553
558557
558560
558566
558572
558578
558581
558584
558638
558640
558643
558645
558649
558653
558657
558662
558664
558668
558680
558682
558685
558687
558688
558690
558691
558694
558696
558698
558744
558748
558755
558760
558766
558767
558769
558772
558774
558779
558783
558787
558790
558792
558796
558799
558800
558801
558802
558809
558813
558935
558936
558938
558939
558941
558942
558944
558946
558955
558961
558965
558969
558976
558991
558994
558997
559003
559024
559026
559031
559033
559035
559038
559040
559041
559042
559044
559047
559049
559051
559054
559056
559059
559061
559062
559065
559069
559070
559071
559074
559075
559076
559132
559133
559135
559138
559141
559145
559148
559151
559153
559156
559158
559160
559161
559163
559164
559165
559167
559168
559169
559170
559179
559183
559184
559186
559188
559189
559192
559195
559198
559200
559203
559206
559210
559214
559217
559221
559226
559229
559234
559238
559251
559255
559258
559261
559262
559265
559268
559270
559272
559274
559282
559284
559287
559289
559292
559342
559345
559347
559351
559352
559354
559355
559357
559358
559359
559360
559361
559362
559365
559366
559367
559368
559370
559372
559375
559378
559382
559386
559390
559392
559404
559407
559408
559410
559412
560307
560313
560319
560325
560326
560329
560332
560334
560336
560339
560341
560347
561186
561187
561188
561189
561190
561191
561192
561193
561195
561196
561207
561209
561211
561213
561215
561218
561220
561221
561226
561229
561230
561238
561240
561242
561246
561248
561250
561253
561256
561259
561347
561349
561351
561354
561356
561379
561382
561387
561390
561394
561403
561406
561408
561410
561412
561422
561425
561428
561437
561441
561445
561454
561457
561460
561464
561466
561471
561474
561478
561482
561485
561491
561493
561497
561501
561504
561516
561519
561522
561524
561526
561529
561532
561535
561537
561541
561548
561552
561554
561556
561558
561561
561564
561566
561567
561569
561570
561572
561573
561574
561576
561577
561578
561579
561582
561583
561584
561586
561589
561590
561592
561739
561740
561741
561743
561744
561745
561747
561749
561750
561752
561759
561760
561761
561762
561763
561764
561765
561766
561769
561770
561773
561776
561782
561785
561799
561800
561801
561802
561803
561804
561805
561811
561816
561818
561821
561823
561824
561825
561827
561828
561829
561831
561832
561833
561837
561838
561840
561841
561842
561843
561844
561845
561848
561849
561850
561852
561854
561855
561857
561858
561859
561860
561862
561863
561864
561866
561867
561868
561869
561871
561872
561875
561876
561880
561882
561886
561888
561891
561892
561895
561897
561899
561902
561904
561906
561908
561911
561919
561922
561936
561938
561939
561940
561944
561946
561947
561948
561951
561953
561957
561962
561963
561966
561968
561969
561971
561972
561974
561976
561977
561979
561980
561982
561983
561985
561987
561990
561992
561994
561999
562000
562003
562006
562007
562010
562017
562018
562022
562028
562031
562033
562038
562039
562047
562055
562059
562061
562064
562066
562073
562075
562080
562081
562083
562085
562087
562089
562091
562094
562128
562131
562133
562136
562137
562149
562154
562155
562158
562159
562161
562164
562166
562168
562172
562174
562176
562178
562182
562183
562186
562188
562192
562195
562200
562202
562203
562206
562208
562211
562212
562214
562216
562218
562220
562222
562223
562225
562226
562227
562238
562242
562245
562246
562250
562251
562252
562254
562255
562257
562259
562263
563003
563011
563015
563021
563023
563026
563029
563031
563032
564544
564549
564550
564552
564554
564559
564563
564566
564570
564575
564580
564588
564591
564594
564596
564599
564603
564605
564606
564607
564609
564611
564612
564621
564624
564626
564630
564631
564633
564635
564638
564640
564644
564834
564922
564923
564924
564926
564928
564930
564933
564964
564968
564973
564988
564989
564992
564993
564995
564997
566091
566092
566093
566094
566095
566096
566097
566098
566099
566100
566102
566103
566104
566105
566107
566988
566989
566991
566994
566996
566997
566999
567000
567001
567002
567005
567006
567009
567010
567013
567014
567015
567017
567018
567019
567024
567025
567026
567027
567028
567031
567032
567033
567034
567036
567038
567039
567041
567043
568548
570984
570986
570988
570989
570990
570991
570993
570995
570996
570997
570999
571000
571001
571002
571003
571005
571006
571008
571009
571010
571011
571012
571013
571014
571016
571019
571020
571021
571022
571025
571028
571030
571033
571034
571887
571888
571889
571890
571891
572981
573020
573553
573557
573561
573574
573579
573585
573596
573602
573611
573617
573621
573628
573630
573634
573635
573638
573651
573654
573658
573666
573669
573673
573677
573678
573680
573686
573689
573695
573696
573699
573701
573703
573705
573707
573712
573713
57381
573927
573932
573934
573936
573938
573940
573942
573969
573970
573972
573973
573980
573981
574173
574174
574175
574176
574177
574178
574179
574180
574181
574182
574183
574184
574185
574186
574187
574188
574189
574190
574191
574192
574193
574194
574195
574196
574197
574198
574199
574200
574201
574202
574203
574204
574205
574206
574207
574208
574209
574210
574211
574212
574213
574214
574215
574216
57558
575599
575600
575601
575602
575603
575604
575605
575606
575608
575610
575611
575612
575613
575614
575615
575616
575618
57562
575620
575621
575623
575624
575626
575628
575630
575633
575634
575635
575636
575637
575638
575639
575640
575641
575642
575955
57605
57617
57622
57634
57639
57644
57654
57661
57668
57672
57674
57675
57677
57698
57710
57737
57744
57748
57755
57766
57772
57775
57780
57786
57792
57799
57805
57810
57819
57829
578331
578332
578333
578334
578335
578337
578338
57859
57866
57868
57869
57870
57873
57875
57877
57879
57882
57883
57885
57886
57888
57893
57897
57900
57901
57902
57903
57905
57907
57908
57910
57912
57914
57916
57917
57918
57919
57921
57923
57926
57927
579486
579489
579491
579492
579494
579497
579500
579503
579506
579509
579511
579514
579517
579520
579522
579532
579541
579543
579546
579549
579552
579555
579557
579560
579564
579567
579570
579573
579575
579578
579812
579824
579828
579829
579830
579832
579833
579839
579840
579841
579842
579846
579848
579851
579891
579893
579895
579897
579898
579900
579901
579904
579905
579907
579909
579911
579912
579914
579915
579919
579920
579921
579923
579925
579926
579927
579929
579930
579932
579933
579935
579936
579937
579939
579940
579941
579944
579945
579947
579949
579952
579953
579955
579956
579958
579959
579960
579962
579963
579964
579966
579968
579969
579970
580136
580607
580610
580620
580622
580624
580627
580630
580632
580634
581146
581148
581151
581158
581167
582285
582288
582289
582290
582302
582309
582313
582317
582319
582320
582323
582328
582331
582335
582336
582344
582348
582351
582353
582357
582360
582364
582368
582373
582376
582385
582390
582391
582393
582396
582398
582399
582401
582402
582407
582409
582410
582413
582414
582417
582422
582424
582426
582439
582635
582640
582650
582661
582681
582684
582686
582926
582928
582929
582930
582931
582933
582934
582935
582936
582937
582939
582940
582942
582943
582944
582945
582947
582948
582950
582951
582952
582954
582955
582957
582959
582960
582961
582963
582964
582965
582966
582968
582969
582971
582973
582975
582976
582979
582980
582981
582982
582987
582994
582999
583002
583004
583006
583009
583012
583013
583021
583023
583025
583028
583031
583033
583035
583038
583041
583044
583046
583048
583049
583051
583053
583054
583057
583063
583066
583070
583077
583078
583338
583390
584837
584838
584841
584843
584846
584848
584850
584853
584855
584857
584862
584863
584865
584867
584870
584871
584872
584873
584875
584877
584878
584881
584883
584884
584885
584886
584889
584891
584894
584896
584898
584900
584903
584904
585263
585265
585266
585267
585268
585269
585270
585271
585272
585273
585274
585275
585277
585279
585282
585361
585362
585363
585364
585365
585366
585367
585368
585369
585370
585371
585372
585373
585467
585468
585469
585470
585471
585472
585473
585474
585475
585476
585477
585478
585479
585480
585481
585482
585483
585484
585485
585486
585487
585488
585489
585490
585491
585492
585493
585494
585495
585496
585498
585499
585501
585502
585504
585505
587178
587179
587180
587184
587188
587189
587190
587191
587192
587193
587195
587199
587202
587204
587207
587211
587212
587214
587215
587218
587220
587221
587223
587225
587228
587231
587233
587234
587237
587239
587240
587246
587248
587584
587585
587586
587587
587588
587589
587590
587591
587593
587595
587597
587598
587600
587602
587603
587605
587606
587607
587608
587610
587611
587612
587613
587614
587615
587617
587621
587622
587623
587625
587626
587627
587628
587629
587631
587632
587634
587636
587712
587713
587715
587717
587720
587721
587723
587724
587726
587727
587728
587729
587731
587732
587733
587735
587736
587738
587739
587740
587743
587744
587746
587748
587749
587753
587756
587757
587759
587760
587762
587763
587765
587766
587767
587769
587770
587773
587774
587776
587778
587780
587781
587782
587783
587785
587787
587789
587791
587792
587794
587797
587799
587800
587803
587804
587805
587806
587807
587808
587810
587811
587812
587813
587815
587816
587818
587819
587820
587821
588274
588277
588280
588283
588285
588287
588289
588290
588293
588294
588354
588355
588356
588357
588358
588359
588360
588361
588362
588363
588364
588365
588367
588368
588369
588370
588372
588373
588374
588375
588377
588378
588379
588380
588381
588382
588383
588384
588385
588386
588387
588388
588389
588390
588391
588392
588393
588394
588395
588396
588397
588398
588399
588400
588401
588402
588403
588404
588405
588406
588408
588409
588411
588412
588413
588414
588415
588416
588417
588418
588419
588420
588421
588422
588423
588424
588425
588426
589892
589894
589897
589901
589904
589906
589909
589910
589911
589914
589917
589918
590083
590085
590087
590090
590093
590095
590098
590103
590108
590112
590115
590121
590123
590125
590127
590130
590133
590136
590141
590144
590148
590151
590154
590155
590157
590161
590164
590166
590170
590172
590174
590177
590182
590184
590187
590190
590194
590195
590196
590197
590199
590203
590206
590208
590212
590214
590215
590217
590232
590235
590236
590238
590241
590242
590243
590244
590245
590246
590248
590250
590251
590252
590253
590256
590257
590260
590262
590265
590268
590271
590273
590274
590275
590277
590279
590280
590282
590284
590285
590287
590288
590290
590292
590294
590295
590298
590299
590301
590302
590303
590304
590305
590306
590307
590311
590312
590315
590318
590319
590320
590322
590323
590324
590326
590327
590328
590329
590331
590332
590334
590336
590337
590338
590339
590340
590342
590344
590346
590347
590348
590351
590352
590354
590359
590362
590366
590369
590371
590372
590374
590375
590827
590828
590831
590832
590834
590836
590863
590864
590865
590867
590868
590869
590871
590872
590874
590877
590878
590879
590881
590883
590885
590887
590890
590893
590897
590900
590904
590910
590911
591369
591370
591371
591372
591373
591375
591376
591377
591378
591379
591381
591384
591385
591387
591388
591389
591390
591391
591392
591394
591395
591396
591398
591399
591401
591403
591404
591405
591406
591407
591408
591409
591413
591415
591416
591418
591420
591422
591424
591425
591426
591427
591428
591430
591431
591435
591437
591438
591440
591442
591443
591445
591447
591449
591450
591452
591455
591457
591459
591460
591463
591465
591468
591470
591473
591474
591476
591478
591480
591481
591485
591487
591489
591491
591492
591494
591496
591499
591501
591502
592086
592100
592113
592132
592147
592157
592165
592174
592247
592263
592269
592276
592291
592294
592301
592307
592336
592339
592344
592348
592350
592352
592353
592357
592361
592365
592514
592515
592516
592517
592522
592524
592527
592528
592531
592533
592536
592538
592539
592541
592543
592545
592548
592551
592554
592556
592557
592560
592561
592562
592565
592566
592568
592569
592571
592573
592575
592576
592577
592625
592626
592627
592629
592630
592631
592632
592633
592634
592635
592636
592637
592638
592639
592641
592642
592645
592646
592648
592649
592651
592653
592654
592656
592658
592660
592661
592663
592666
592669
592673
592677
592680
592684
592687
592691
592694
592698
592701
592705
592708
592712
592715
592718
592720
592723
592724
592726
592727
592728
592731
592755
59346
59349
59352
594075
594078
594080
594083
594085
594088
594090
594092
594096
594098
594100
594103
594105
594108
594110
594112
594115
594117
594120
594122
594125
594128
594131
594136
594141
594147
594150
594156
594159
594162
594164
594165
594166
594167
594168
594169
594170
594171
594172
594174
594175
594176
594177
594178
594179
594180
594182
594183
594184
594409
594412
594415
594417
594420
594424
594427
594430
594431
594433
594436
594438
594444
594447
594449
594452
594454
594457
594459
594463
594466
594468
594470
594472
594474
594475
594477
594478
594479
594480
594481
594482
594485
594486
594487
594488
594489
594492
594493
594495
594497
594499
594500
594502
594503
594505
594506
594508
594509
594510
594511
594513
594514
594515
594516
594517
594518
594520
594521
594522
594524
594525
594526
594528
594529
594530
594531
594534
594536
594537
594538
594542
594543
594544
594545
594546
594547
594548
594549
594550
594551
594552
594553
594554
594555
594559
594560
594561
594562
594563
594564
594565
594566
594567
594568
594569
594570
594571
594572
594573
594575
594576
594577
594578
594579
594581
594582
594583
594584
594585
594586
594588
594590
594593
594596
594600
594602
594603
594604
594605
594621
594622
594623
594624
594625
594627
594630
594633
594637
594639
594643
594645
594648
594650
594652
594654
594657
594660
594662
594663
594664
594665
594666
594667
594668
594669
594670
594671
594672
594673
594674
594675
594676
594677
594678
594680
594681
594682
594683
594684
59470
59471
59472
59474
59476
59477
59478
594781
594782
594783
594784
594785
594786
594787
594788
59479
594791
594792
594793
594794
594795
594796
594797
594798
59480
594800
594801
594802
594803
594804
594805
594806
594807
594808
594809
594810
594811
594812
594813
594814
594815
594816
594817
594818
594819
594820
594821
594822
594823
594824
594825
594826
594827
594828
594829
59483
594830
594831
594832
594833
594834
594835
594836
594837
594838
59484
594840
594841
594842
594843
594844
594845
594846
594847
594848
594849
594850
594851
594852
594853
594854
594855
594856
594857
594858
594859
594860
594861
594862
594863
594864
59487
59489
59491
59492
59495
59497
59498
59499
59501
59502
59503
59504
59520
59522
59525
59526
59527
59528
59529
59531
59533
59534
59535
59536
59538
59540
59549
59550
59551
59552
59553
59554
59555
59556
59557
59558
59560
59561
59562
59563
59564
59566
59568
59572
59573
59574
59575
59576
59577
59579
59581
59582
59583
60314
60315
60317
60333
60366
60381
60480
60489
60604
60609
60612
60620
60626
60638
60653
60657
60664
61033
61034
61035
61037
61039
61040
61075
61076
61078
61080
61081
61082
61083
61084
61086
61087
61088
61089
61090
61091
61092
61094
61097
61098
61099
61100
61102
61103
61104
61106
61109
61115
61117
61119
61121
61135
61137
61141
61143
61146
61155
61160
61166
61170
61173
61186
61190
61192
61194
61195
61197
61198
61199
61201
61205
61210
61213
61248
61255
61257
61265
61271
61279
61287
61288
61301
61306
61842
61847
61853
61857
61946
61950
61965
61977
61980
61981
61996
62692
62701
62703
62707
62712
62715
62721
62729
62731
62733
62735
62737
62741
62742
62746
62749
62751
62753
62754
62756
62758
62761
62763
62765
62768
62770
62771
62772
62773
62774
62775
62776
62779
62780
62781
62782
62783
62784
62785
62787
62788
62789
62790
62792
62795
62797
62800
62802
62803
62825
62833
62834
62837
62840
62841
62842
62845
62846
62847
62852
62855
62857
62859
62863
62869
62871
63896
63897
63898
63899
63918
63924
63936
63982
63993
64273
64275
64276
64278
64287
64288
64290
64291
64292
64294
64410
64799
64800
64802
64808
64809
64810
64811
64813
64814
64815
64816
64817
64819
64820
64821
64822
64823
64824
64825
64826
64827
64828
64829
64831
64832
64833
64834
64835
64836
64837
64838
64839
64848
64849
64850
64852
64853
64854
64856
64857
64858
64859
64860
64861
64862
64864
64865
64866
64867
64868
64869
64873
64875
64876
64878
64880
65534
65540
65541
68413
68416
68417
68418
68420
68421
68422
68423
68425
68426
68428
68429
68430
68432
68433
68435
68436
68437
68438
68439
68440
68441
68443
68444
68454
68455
68456
68459
68461
68464
68465
68468
68471
68472
68478
68481
68484
68486
68489
68493
68495
68497
68500
68503
68509
68514
68516
68519
68523
68526
68528
68530
68532
68630
68633
68641
68644
68646
68648
68649
68651
68652
68659
68661
68663
68664
68666
68668
68670
68671
68673
68675
68681
68683
68685
68687
68701
68704
68706
68708
70330
70331
70332
70333
70334
70335
70336
70337
70339
70340
70343
70344
70345
70346
70348
70349
70350
70351
70352
70353
70354
70356
70357
70358
70359
70360
70361
70362
70363
70365
70366
70369
70371
70373
70376
70377
70378
70381
70383
70385
70386
70388
70391
70393
70394
70395
70396
70399
70400
70429
70433
70436
70438
70442
70445
70451
70453
70455
70459
70470
70472
70477
70479
70481
70486
70488
71836
71837
71838
71840
71841
71843
71847
71851
71855
71862
71874
71877
71880
71882
71883
71886
71887
71890
71892
71894
71897
71901
71906
71908
71909
71911
71914
71916
71918
71921
71922
71923
71924
71925
71926
71928
71929
71930
71937
71952
71953
71954
71955
71956
71957
71959
71961
71962
71963
71968
71971
71975
71978
71981
71983
71985
71998
72000
72002
72005
72007
72013
72014
72015
73356
73357
73359
73360
73361
73362
73363
73364
73365
73366
73367
73368
73370
73371
73372
73378
73381
73382
73459
73461
73463
73467
73469
73472
73474
73476
73483
73486
73487
73489
73491
73495
73502
73506
73508
73510
73514
73517
73519
73589
73590
73591
73593
73595
73597
73601
73603
73605
73606
73609
73610
73613
73616
73677
73678
73679
73680
73682
73683
73686
73780
75148
75163
75166
75167
75171
75173
75174
75177
75178
75181
75183
75185
75188
75190
75193
75196
75198
75201
75204
75210
75212
75215
75217
75221
75223
75225
75228
75230
75231
75234
75236
75276
75277
75279
75282
75283
75284
75285
75286
75288
75289
75290
75291
75292
75294
75295
75296
75298
75299
75303
75305
75306
75308
75316
75317
75318
75319
75321
75322
75323
75324
75325
75326
75328
75329
75330
75331
75332
75333
75350
75351
75352
75358
75360
75361
75363
75365
75366
75368
75370
75372
75375
75376
75378
75380
75385
75386
75388
75389
75390
75391
76472
76478
76481
76484
76488
76491
76493
76496
76499
76500
76501
76502
76505
76507
76509
76510
76511
76514
76516
76520
76529
76533
76537
76539
76542
76544
76594
76597
76599
76602
76603
76684
76686
76688
76691
76692
76693
76696
76697
76699
76701
76706
76710
76711
76712
76722
76731
76733
76734
76735
76736
76737
76738
76765
76768
76769
76771
76772
76773
76774
76776
76791
76793
76797
76800
76801
76804
76806
76808
76809
76812
76822
76824
76827
76828
76829
76830
76831
76832
76833
76836
76843
79277
79278
79279
79280
79282
79284
79285
79287
79289
79290
79292
79293
79295
79297
79298
79300
79325
79326
79328
79330
79331
79333
79334
79337
79338
79339
79340
79341
79343
79345
79346
79348
79351
79352
79360
79367
79370
79372
79374
79376
79377
79379
79398
79401
79402
79404
79405
79442
79443
79446
79448
79452
79458
79460
79463
79472
79474
79476
79478
79480
79481
79483
79484
79486
79488
79491
79493
79494
79496
79498
79499
79500
79512
79515
79545
79547
79548
79550
79562
79563
79574
79575
79578
79579
79582
79583
81287
81294
81295
81296
81297
81298
81303
81306
81309
81312
81313
81315
81316
81320
81322
81324
81325
81326
81328
81329
81330
81332
81334
81336
81338
81340
81343
81346
81351
81367
81369
81371
81372
81374
81375
81376
81377
81378
81415
81416
81418
81420
81422
81423
81425
81427
81428
81443
81445
81448
81452
81453
81487
81490
81494
81496
81498
81501
81502
81521
81526
81529
81531
81533
81536
81538
81541
81542
81560
81562
81563
81565
81568
81569
81627
82834
82842
82845
82850
82855
82936
82939
82962
82963
82986
82988
83016
83019
83020
83030
83033
83035
83039
83041
83064
83089
83090
83099
83103
83104
83117
83118
83122
83123
83124
83125
83131
83132
83133
83134
83135
85044
85057
85064
85070
85073
85075
85079
85114
85117
85126
85128
85134
85138
85152
85155
85206
85212
85216
85217
85218
85221
85223
85227
85229
85232
85236
85237
85255
85260
85279
85283
85295
85298
86676
86678
86679
86680
86682
86683
86684
86685
86686
86687
86688
86689
86690
86691
86692
86694
86695
86696
86700
86701
86762
86766
86775
86791
86793
86822
86833
86839
86846
86848
86850
86853
86856
86875
86879
86882
88928
88931
88935
88940
88942
88945
88946
88959
88961
88970
88973
88975
88978
88980
88982
88985
88987
88989
88994
88996
88999
89002
89004
89009
89010
89011
89013
89014
89015
89017
89045
89050
89055
89074
89075
89076
89081
89082
89097
92270
92272
92275
92277
92289
92293
92301
92308
92354
92355
92361
92367
92404
92411
92416
92423
92430
92462
92465
92471
92475
92477
92490
92492
92496
92506
92510
92513
92515
92516
92521
92526
92538
92540
92544
92545
92546
92548
92549
92551
93919
93921
93925
93927
93929
93931
93935
93941
93944
93946
93948
93949
93951
93953
94011
94016
94025
94110
94112
94116
94130
94134
94138
94141
94145
94147
94149
94154
94157
94160
94162
94163
94165
94168
94169
94172
94174
94177
94179
94183
94185
94188
94193
94196
96880
96883
96884
96886
96887
96889
96891
96893
96895
96896
96898
96899
96901
96902
96906
96909
96910
96912
96960
96961
96963
96965
96970
96972
96975
96977
96979
96981
96982
96983
96986
96989
96990
99526
99527
99528
99530
99531
99535
99536
99538
99539
99540
99541
99543
99544
99545
99546
99548
99549
99550
99551
