10037
100371
100372
100373
100375
10038
100380
10039
100394
100396
100398
100399
10040
100402
100407
10041
100416
100418
10042
100420
100421
100422
100424
100425
100426
10057
100574
10059
100591
10061
100614
10062
100623
100628
10063
100634
10108
101086
101102
101103
101106
101107
101111
101116
101117
101119
101124
101127
101133
101135
101220
101221
101222
101223
101224
101225
101226
101227
101228
101229
101233
101242
101252
101257
101261
101266
101270
101271
101272
101273
101274
101275
101276
101294
101313
101350
101400
101402
101403
101404
101406
101407
101408
101409
101412
101413
101414
101415
101416
101418
101903
101907
101909
101911
101913
101915
101919
101922
101924
101927
101929
101931
101933
101934
101936
101942
101945
101946
101948
101951
101953
101954
101956
101958
101959
101962
101964
101967
101970
101972
101973
101974
101976
101977
101978
103552
103555
103558
103560
103673
103674
103675
103676
103677
103804
103806
103808
103810
103812
103817
103820
103822
103824
103826
103828
103830
103833
103836
103838
103840
103842
103844
103848
103850
103851
103854
103856
103857
103862
103865
103867
103869
103870
103872
103873
103874
103875
103876
103878
103879
103881
103883
103885
103887
103980
103981
103984
103993
104013
104016
104017
104020
104022
104040
104056
104058
104077
104103
104108
104109
104110
104694
105609
105613
105616
105622
105625
105628
105630
105637
105641
105643
105649
105652
105656
105660
105671
105673
105675
105677
105680
105682
105685
105689
105697
105699
105702
105705
105707
105710
105711
105714
105716
105717
105719
105720
105722
105724
105726
105739
105742
105745
105746
105747
105749
105751
105753
105756
105759
105761
105764
105767
105768
105775
105778
105867
105976
107159
107206
107210
107214
152830
153067
153148
153215
153288
153389
153465
153533
153848
153919
153985
154064
154156
154216
154290
154356
154493
154566
154640
154765
154887
154946
155020
155101
155187
155271
155357
155445
155621
155746
155943
156004
156084
156154
156223
156310
156370
156491
156563
156637
167358
167405
167445
167496
167549
167592
167650
167654
167661
167663
167664
167665
167666
167668
167669
167692
167694
167695
167700
167701
167702
167704
167709
167723
167728
167729
167732
167733
167734
167736
167738
167739
167742
167744
167748
167756
167758
167759
167760
167761
167762
167765
167767
167769
167771
167772
167774
167775
167777
167779
167781
167784
167786
167788
167790
167797
167799
167801
167802
167808
167818
167819
167820
167837
167838
167847
167857
167864
167870
167873
167935
167937
167941
167971
167973
167978
167982
169152
169158
169161
169166
169168
169170
169172
169174
169177
169179
169182
169184
169186
169189
169191
169193
169195
169196
169197
169198
169201
169213
169215
169216
169219
169220
169225
169229
169231
169236
169237
169238
169240
169244
169245
169248
169249
169250
169251
169252
169253
169254
169256
169258
169259
169261
169263
169264
169268
169270
169272
169273
169275
169281
169282
169284
169286
169287
169289
169294
169295
169296
169298
169300
169301
169304
169307
169308
169309
169312
169314
169317
169319
169320
169323
169324
169330
169334
169355
169356
169360
169361
171254
171256
171257
171259
171260
171261
171262
171263
171264
171265
171266
171267
171268
171269
171270
171271
171273
171274
171275
171276
171277
171278
171279
171280
171319
171320
171323
171325
171327
171330
171332
171334
171336
171337
171339
171340
171341
171342
171343
171344
171345
171347
171349
171351
171355
171358
171359
171361
171362
171363
171365
171396
171399
171401
171406
171408
171410
171416
171420
171421
171422
171425
171427
171429
171434
171435
171462
171469
171473
171478
171480
171482
171485
171490
172348
172355
172363
172372
172439
172489
172491
172559
172563
172566
172571
172601
173439
173997
173998
173999
174000
174001
174002
174003
174005
174045
174046
174049
174050
174051
174052
174056
174068
174071
174074
174077
174079
174081
174083
174087
174091
174093
174096
174102
174104
174107
174111
174114
174118
174120
174125
174130
174168
174172
174191
174197
174199
174201
174204
174209
174223
174227
174231
174233
174237
174239
174241
174254
175293
175308
175311
175316
175428
175646
175662
176071
176484
176489
176494
176495
176498
176503
176505
176507
176511
176516
176521
176525
176527
176529
176532
176534
176538
176540
176542
176544
176551
176555
176595
176599
176608
176613
176615
176620
176630
176633
176637
176641
176673
176676
176686
176689
176692
176694
176698
176702
176705
176708
176709
176712
176717
176723
176724
176730
176732
176733
176736
177631
177728
177729
177732
177979
177980
177984
178011
178396
178402
178403
178406
178409
178427
178446
178451
178453
178454
178458
179168
179171
179174
179176
179179
179180
179185
179188
179194
179196
179197
179201
179202
179205
179207
179209
179210
179213
179214
179216
179217
179220
179221
179223
179224
179225
179228
179235
179238
179240
179241
179242
179244
179245
179246
179251
179252
179253
179254
179256
179257
179259
179260
179261
179264
179266
179267
179268
179282
179284
179291
179295
179298
179299
179301
179303
179306
179307
179310
179312
179314
179315
179316
179320
179322
179326
179330
179331
179334
179336
179338
179342
179343
180099
180103
180115
180120
180126
180131
180137
180142
180144
180151
180152
180156
180159
180163
180168
180169
180172
180179
180185
180607
180608
180609
180610
180611
180612
180613
180615
180617
180618
180619
180621
180625
180627
180628
181110
181111
181113
181114
181157
181302
181303
181304
181305
181306
181309
181310
181311
181315
181319
181320
181321
181322
181324
181326
181327
181328
181331
181332
181333
181335
181337
181338
181340
181341
181342
181345
181346
181348
181349
181350
181352
181353
181354
181363
181365
181374
181377
181382
181386
181389
181400
181404
181407
181411
181413
181415
181417
181418
181419
181421
181422
181423
181424
181425
181426
181427
181430
181431
181432
181433
181434
181848
181879
181927
182779
182781
182783
182786
182787
182788
182789
182791
182938
182940
182942
182944
182945
182947
182948
182950
182953
182954
182956
182958
182960
182961
182965
182969
182971
182973
182975
182978
182980
182982
182992
182994
182995
182996
182997
182998
183002
183005
183006
183007
183009
183010
183012
183013
183014
183017
183018
183019
183283
184851
184854
184857
184861
184865
184873
184886
184889
184892
184894
184897
184898
184902
184903
184906
184917
184933
184998
185640
185641
185868
185870
185875
185882
185886
185890
185891
185895
185897
185901
185905
185907
185915
185917
185919
185922
185925
185928
185931
185939
185943
185947
185950
185952
185955
185959
185960
185961
185962
185964
185965
185967
185969
185970
185973
185976
185977
185978
185979
185980
187997
187999
188003
188011
188014
188018
188020
188026
188028
188032
188034
188036
188060
188063
188066
188071
188076
188080
188083
188084
188091
188093
188097
188099
188101
188117
188121
188124
188127
188130
188132
188134
188136
188139
188145
188147
188150
188152
188155
188157
188158
188165
188167
188170
188173
188176
188178
188181
188186
188192
188198
188204
188213
189487
189490
189491
189494
189496
189498
189500
189503
189506
189509
189510
189512
189513
189515
189518
189519
189521
190235
190931
190938
190941
190942
190944
190946
190947
190953
190957
190960
190962
190964
190968
190969
190973
190976
190982
190986
190990
190992
190994
190996
190998
191000
191004
191006
191008
191010
191013
191022
191025
191027
191031
191041
191045
191048
191054
191060
191068
191071
191077
191082
191086
191095
191102
191115
191120
191123
191126
191129
192068
192076
192081
192082
192083
192084
192085
192086
192087
192088
192107
192897
192917
193360
193361
193554
193556
193562
193564
193565
193568
193572
193579
193588
193589
193590
193591
193593
193594
193596
193599
193600
195168
195440
195442
195443
195444
195446
195448
195449
195451
195453
195454
195457
195458
195459
195462
195465
195467
195470
195472
195476
195480
195486
195492
195505
195538
195544
195553
195557
195562
195565
195570
195573
195577
195579
195583
195586
195596
195604
195608
195617
195619
195623
195627
195632
195636
195638
195645
195648
195649
195652
195655
195656
195658
195661
197797
198083
198091
198093
198094
198096
198097
198098
198099
198100
198101
198102
198103
198104
198105
198107
198108
198109
198110
198500
198721
198739
198747
198752
198755
198760
198763
198781
198783
198786
198789
198792
198796
198798
198802
198811
198815
198818
198820
198822
198825
198827
198830
198832
198838
198839
198843
198860
198862
198866
198867
198871
198874
198877
198880
198883
198887
198893
198895
198896
198900
198903
198906
198909
198910
198914
198915
198951
200963
200967
200973
200974
200975
200978
200987
200991
201032
201035
201038
201042
201045
201048
201051
201054
201057
201061
201065
201068
201072
201075
201090
202059
202071
202072
202073
202075
202076
202077
202078
202079
202080
202082
202083
202084
202085
202086
202090
202091
202092
202094
202096
202097
202100
202103
202107
202112
202117
202120
202123
202126
202130
202132
202133
202134
202135
202136
202137
202138
202139
202140
202141
202142
202143
202144
202145
202146
202147
202148
202149
202484
202487
202490
202492
202493
202496
202497
202499
202500
202502
202503
202504
202505
202506
202508
202509
202510
202511
202513
202514
202515
202516
202519
205330
205331
205332
205333
205334
205335
205336
205337
205338
205339
205340
205341
205342
205343
205344
205346
205351
205358
205363
205368
205373
205378
205379
205381
205385
205386
205388
205389
205391
205393
205394
205396
205398
205400
205401
206328
206332
206334
206338
206342
206349
206352
206356
206359
206361
206364
206365
206369
206372
206374
206375
206377
206380
206383
206384
206385
206386
206388
206389
206390
206391
206392
206393
206394
206395
206396
206397
206398
208497
208499
208500
208502
208503
208504
208505
208508
208509
208510
208511
208512
208513
208514
208515
208516
208517
208518
208519
208520
208521
208522
208523
208525
208527
208528
208529
208537
208567
208569
208571
208573
208575
208577
208578
208579
208580
208582
208584
208586
208589
208591
208593
208594
208596
208597
208598
208600
208601
208603
208605
209394
209403
209405
209407
209409
209410
209411
209412
209414
209415
209416
209417
209419
209420
209423
209425
209426
209428
209430
209431
209434
209436
209438
209441
209443
209446
209449
209453
209457
209459
209461
209463
209465
210708
210713
210717
210721
210728
210734
210746
210751
210758
210766
210777
210788
210796
210807
210812
210816
210819
210823
210827
210830
210835
210841
210903
210906
210907
210908
210909
210910
210911
210913
210917
210922
210925
210927
210930
210936
210939
210942
210945
210950
210954
210958
210962
210965
210971
210972
210976
210979
210981
210983
210988
210991
210995
210998
211000
211002
211006
211056
211062
211064
211067
211071
211074
211076
211078
211082
211084
211085
211089
211092
211094
211098
211102
211106
211111
211117
212498
212502
212509
212533
212536
212541
212544
212547
212555
212559
212561
212567
212571
212593
212595
212600
212603
212615
212620
212648
212655
212661
212668
212680
212684
212689
212693
212698
212706
212709
212716
212723
212729
218186
218200
218202
218210
218215
218216
218222
218223
218226
218236
218238
218241
218244
218246
218248
218249
218253
218255
218258
218261
219023
219025
219027
219029
219031
219033
219035
219036
219038
219039
219040
219042
219043
219044
219045
219047
219049
219051
219052
219054
219055
219057
219058
219061
219062
219063
219064
219065
219067
219068
219071
219078
219079
219080
219081
219083
219084
219085
219087
219088
219089
219090
219091
219092
219095
219096
219097
219098
219108
219109
219111
219113
219114
219117
219120
219122
219125
219127
219130
219132
219135
219136
219137
219138
219140
219142
219144
219146
219148
220453
220455
220460
220461
220462
220463
220464
220466
220467
220468
221014
221015
221016
221019
221023
221025
221026
221028
221030
221034
221037
221041
221044
221046
221048
221051
221054
221056
221058
221059
221061
221063
221065
221066
221067
221069
221071
221072
221073
221074
221076
221077
221079
221080
221082
221085
221086
221087
221089
221090
221092
221093
221095
221096
221098
221100
221101
221102
221103
221104
221105
221106
221428
221430
221543
222175
222176
222180
222182
222189
222192
222195
222198
222203
222211
222215
222218
222223
222227
222231
222234
222238
222246
222249
222257
222262
223495
223496
223497
223500
223503
223505
223507
223509
223512
223516
223517
223519
223520
223523
223530
223532
223535
223536
223539
223540
223543
223545
223546
223548
223551
223552
223555
223557
223558
223560
223561
223562
223564
223566
223567
223569
223571
223573
223577
223580
223582
223585
223588
223589
223590
223593
223596
223598
223603
223606
223609
223612
223615
223618
223620
223621
223622
223624
223628
223630
224233
224235
224239
224242
224246
224251
224262
224269
224271
224278
224280
224285
225064
225079
225083
225086
225087
225088
225090
225091
225092
225093
225094
225096
225100
225104
225107
225111
225116
225128
225129
225130
225131
225134
225136
225138
225139
225143
225146
225147
225150
225151
225153
225154
225157
225158
225160
225162
225163
225165
225166
225168
225189
225190
225192
225194
225195
225197
225198
225201
225203
225205
225206
225207
225209
225210
225211
225213
225214
225215
225217
225218
225219
225220
225221
225823
226003
226298
226300
226301
226302
226303
226304
226307
226317
226322
226324
226349
226352
226363
226374
226377
226381
226382
226384
226385
226389
226391
226392
226393
227095
227197
227198
227199
227200
227201
227202
227204
227206
227207
227208
227210
227213
227214
227215
227217
227218
227219
227220
227221
227222
227224
227225
227227
227229
227232
227234
227235
227236
227238
227240
227241
227242
227243
227245
227246
227247
227249
227250
227252
227253
227254
227255
227257
227259
228382
228383
228388
228389
228390
228391
228392
228393
228394
228395
228396
228398
228400
228403
228405
228406
228407
228408
228409
228410
228411
228412
228413
228414
228415
228416
228418
228423
228427
228432
228910
228939
228941
228942
228943
228944
228945
228946
228947
228948
228949
228950
228951
228952
228953
228955
228965
228966
228967
228968
228969
228970
228971
228972
228973
228974
228975
228976
228977
228978
228979
228980
228981
228982
228983
228984
228985
228986
228987
228988
228989
229571
229575
229577
229578
229580
229584
229587
229588
229589
229590
229591
229592
229593
229596
229599
229601
229602
229606
229610
229613
229615
229619
229622
229628
229638
229657
229667
229685
230270
230271
230272
230274
230275
230276
230277
230278
230279
230280
230281
230282
230283
230284
230285
230286
230287
230288
230289
230290
230291
230292
230293
230294
230295
230296
230297
230299
230300
230301
230302
230303
230304
230305
230306
230307
230308
230309
230310
230312
230313
230314
230315
230316
230317
230318
230319
230321
230323
231176
231209
231733
231734
231735
231738
231739
231740
231741
231742
231743
231744
231745
231746
231747
231748
231749
231750
231751
231752
231753
231754
231755
231756
231757
231758
231759
231760
231851
231852
231855
231856
232800
232802
232803
232804
232806
232808
232809
232810
232811
232812
232815
232816
232818
232819
232821
232822
232823
232826
232827
232829
232830
232832
232833
232835
232836
232837
232838
232840
232842
232843
232844
232845
232846
232848
232849
232850
232851
232853
232854
232879
232885
233034
233842
233843
233845
233847
233848
233849
233851
233853
233854
233856
233857
233858
233859
233861
233862
233863
233864
233865
233866
233867
233868
233869
233870
233871
233872
233873
233874
233876
233877
233878
233879
233880
233881
233882
233883
233884
233885
233886
233887
233981
234001
234024
234026
234447
234523
234528
234534
234540
234638
234669
234670
234671
234672
234674
234675
234678
234679
234682
234686
234687
234688
234689
234691
234692
234693
234694
234695
234696
234699
234701
234704
234706
234711
234714
234718
234720
234723
234726
234728
234729
234731
234732
234734
234735
234736
234737
234739
234740
234742
234743
234744
234745
234746
234747
234748
234749
234751
234833
235119
235121
235156
235171
235179
235197
235306
235627
235628
235631
235632
235633
235634
235636
235638
235639
235650
235652
235656
235658
235683
235684
235685
235687
235688
235689
235691
235693
235694
235695
235697
235698
235699
235701
235703
235705
235708
235818
236273
236274
236276
236277
236278
236279
236281
236282
236283
236285
236287
236288
236290
236292
236294
236296
236297
236299
236302
236303
236306
236307
236309
236310
236311
236312
236314
236315
236316
236317
236319
236320
236322
236323
236324
236325
236326
236328
236331
236332
236334
236335
236337
236338
236340
236341
236342
236344
236345
236346
236347
237565
237566
237567
237568
237569
237734
237743
237779
237852
237854
237857
237861
237865
237868
237872
237892
237909
237911
237914
237917
238329
238330
238331
238332
238333
238334
238335
238336
238337
238338
238339
238340
238341
238342
238343
238344
238345
238346
238347
238348
238349
238350
238351
238352
238353
238354
238355
238356
238357
238358
238359
238360
238361
238362
238363
238364
238365
238366
238367
238368
238369
238370
238371
238372
238373
238374
238375
238376
238377
238378
238379
238380
238381
238382
238383
238384
238931
238946
238955
238958
239131
239444
239446
239447
239452
239454
239456
239937
239966
239981
239982
239983
239996
239998
240002
240003
240005
240007
240009
240010
240011
240343
240344
240346
240347
240348
240349
240350
240352
240354
240355
242052
242056
242059
242063
242065
242069
242071
242072
242077
242079
242081
242382
242388
242405
242410
242440
242445
242449
242458
242471
242927
243036
243333
243421
243607
243608
243609
243610
243611
243612
243613
243614
243616
243617
243618
243619
243622
243626
243628
243629
243630
244373
244485
244489
244492
244495
244498
244501
244506
244520
244523
244525
244527
244531
244533
244534
244538
244542
244543
244546
244549
244551
244554
244555
244556
244560
244562
244566
244567
244569
244571
244573
244574
244576
244579
244580
244582
244583
244585
244587
244589
244593
244596
244795
244798
244800
244805
244807
244809
244812
245265
245268
245271
245274
245277
245553
245580
246064
246169
246190
246211
246216
246219
246222
246226
246228
247430
247857
248563
248564
248565
248571
248573
248578
248581
248585
248588
248593
248596
248599
248605
248608
248611
248612
248613
248614
248616
248617
248618
248620
248622
248625
248627
248629
248631
248632
248635
248638
248639
248640
248641
248642
248643
248644
248645
248744
248774
248785
248830
248845
248857
248892
248894
248911
248914
248915
248918
248921
248925
248926
252457
254150
254336
254353
254406
254633
254644
254652
254658
255519
255528
255529
255533
255538
255543
255548
255551
255557
255561
255570
255575
255576
255582
255584
255589
255593
255595
255597
255601
255603
255605
255608
255613
255707
255708
255709
255822
255977
255981
255983
255985
255989
255997
256001
256448
256454
256460
256463
256466
256467
256470
256472
256768
256769
256770
256771
256773
256775
256776
256778
256780
256784
256786
256788
256790
256793
256797
256800
256801
256803
256804
256807
256808
256809
256810
256824
256826
256827
256830
256832
256834
256836
256839
256840
256853
256857
256859
256861
256863
256864
256980
257762
258207
258503
258505
258508
258565
258579
258585
258592
258604
258620
258833
258842
258844
258899
258902
258907
258914
258973
258974
258975
258976
258977
258979
258980
258985
258986
258988
258989
258990
258997
258999
259000
259001
259002
259014
259015
259017
259046
259048
259049
259056
259083
259270
259271
259432
259435
259485
259489
259493
259494
259498
259500
259505
259522
259534
259540
259545
259553
259558
265421
265429
265433
265435
265438
265441
265442
265451
265453
265457
265460
265462
265465
265469
265473
265476
265478
265482
265485
265489
265496
265499
265505
265509
265514
265517
265521
265531
265537
265541
265547
265551
265561
265577
265581
265584
265588
265597
265599
265606
265609
265611
265613
265617
265619
265621
265624
265626
265628
265631
265767
265772
265777
266102
266292
266680
266686
266688
266693
266694
266698
266703
266707
266709
266713
266717
266753
266773
266831
266833
266838
266842
266876
266881
266890
266896
266904
266910
266914
266941
268309
268434
268444
268452
268462
268500
268510
268516
268522
268528
268533
268545
268550
268557
268564
268582
268589
268594
268707
268900
268903
268908
268914
268920
269099
269102
269110
269112
269149
269151
269154
269173
269239
269243
269285
269329
269343
269390
269403
269410
269672
270340
270354
270362
270788
270792
270824
270827
270836
270838
271464
271506
271514
271515
271517
271519
271521
271522
271524
271525
271526
271527
271528
271529
271530
271531
271533
271534
271536
271540
271543
271545
271549
271550
271553
271555
271558
271560
271563
271565
271569
271885
272424
272431
272436
272443
272449
272458
272463
272470
272473
272477
272479
272753
272764
272769
272773
272781
272786
272789
272793
272797
272803
272804
272808
272811
272816
272822
272824
274641
274643
274645
274648
274649
274650
274850
275006
275176
276215
276514
276528
276549
276581
277147
277154
277161
277168
277185
277192
277209
277218
277227
277233
277240
277247
277251
277256
277262
277967
278508
278529
278556
278566
278581
278589
278611
278625
278643
278656
278724
278726
278729
278733
278770
278812
278819
278823
278827
278835
278840
278860
278865
278881
278960
278964
278969
278974
278984
278990
278995
278999
279003
279006
279011
279017
279024
279029
279032
279034
279044
279049
279055
279061
279062
279064
279066
279069
279071
279075
279077
279080
279082
279084
279087
279089
279093
279095
279099
279100
279104
279106
279109
279112
279115
279158
279302
279579
279583
279640
279663
279678
279694
279705
279719
279727
279745
279752
279758
279765
279775
279787
279797
279811
279822
279837
279847
279860
279882
280057
280244
280246
280247
280250
281440
281442
281443
281444
281445
281446
281447
281448
281449
281450
281453
281454
281456
281457
281458
281459
281460
281461
281462
281464
281465
281468
281469
281470
281471
281473
281474
281475
281476
281477
281478
281479
281481
281482
281485
281487
281488
281490
281493
281501
281507
281513
281515
281519
281532
281538
281543
281546
281550
281554
281573
281580
281593
282293
282300
282303
282310
282322
282329
282348
282360
282366
282381
282387
282403
282425
282458
282473
282487
282501
282516
282527
282538
282867
282893
283707
283752
283764
283925
283951
283958
284924
284947
284962
285171
285172
285174
285175
285177
285178
285179
285180
285181
285182
285185
285186
285187
285218
285222
285223
285224
285226
285227
285229
285231
285233
285235
285237
285240
285242
285244
285245
285247
285249
285251
285252
285254
285255
285426
285441
285462
285471
285494
285500
285506
285513
285546
285565
285581
285589
285597
285629
285653
285658
285669
285686
285715
285725
285738
285750
285763
285776
285800
285812
285828
285837
285842
285849
285860
285866
285871
285876
285879
285881
285897
285903
285909
285916
285919
285922
285925
285931
285940
285960
285966
285970
285973
285975
285976
285977
285978
285980
286402
286406
287215
287260
287299
287308
287326
287343
287807
287866
287933
288322
288328
288336
288341
288346
288352
288357
288361
288365
288405
288406
288408
288409
288410
288412
288413
288414
288416
288417
288419
288421
288423
288425
288428
288431
288435
288439
288441
288443
288444
288447
288450
288451
288455
288458
288461
288463
288464
288465
288468
288469
288472
288473
288475
288476
288478
288480
288481
288485
289884
290324
290325
290327
290328
290330
290471
290475
290480
290491
290496
290546
290563
290564
290567
290569
290573
290584
290588
290590
290625
290643
290651
290666
290673
290675
290678
290682
290684
290685
290686
290689
290695
290698
290700
290702
290706
290710
290711
290713
290715
290716
290719
290720
290722
290725
290726
290728
290729
290731
290733
290734
290737
290740
290741
290742
291598
292226
292324
292330
292338
292342
292350
292354
292361
292367
292376
292380
292390
292397
292400
292403
292413
292789
292802
292815
292827
292844
292855
292868
292873
292880
292890
292903
292907
292910
292912
292914
292916
292920
292925
292931
292937
293052
293305
293307
293310
293314
293316
293320
293323
293328
293330
293334
293339
293343
293345
293347
293348
293350
293352
293354
293356
293358
293362
293364
293370
293374
293375
293378
293381
293382
293384
293385
293388
293389
293392
293395
293397
293398
293399
293402
293404
293408
293411
293413
293416
293525
293597
293930
293937
293948
293977
294402
294406
294730
294735
294736
294737
294742
29525
29527
29528
29529
29530
29531
29532
29534
29535
29536
29538
29539
29540
29541
29542
29544
29545
29546
29547
29548
29549
29550
29551
29552
29553
29554
29555
29556
29557
29558
29560
29561
29563
29565
29566
29567
29568
29569
29570
29571
29572
29574
29575
29577
29578
29579
29581
29582
29583
29584
29585
29587
29589
29591
29594
29595
29596
29597
296002
296012
29602
296026
296035
296042
296050
296053
296057
296061
296071
296110
296118
296127
296143
296150
296157
296182
296192
296482
296484
296488
296490
296492
296495
296498
296499
296500
296501
296502
296504
296506
296507
296508
296509
296514
296515
296516
296517
296519
296521
296522
296524
296526
296528
296529
296530
296533
296534
296535
296537
296538
296539
296542
296543
296546
296547
296549
296551
29659
29669
29678
29688
296886
296928
296952
296966
29700
297024
297031
297039
297047
297059
297062
297069
297075
297078
297082
297086
29709
297149
297174
297179
297190
29720
29725
29729
29741
297622
297623
297624
29769
29781
29789
29802
29809
298972
298975
298976
298978
298979
298982
298984
298985
298986
298987
298988
298991
298992
298993
298994
298996
298997
298998
299004
299006
299007
299009
299010
299011
299013
299014
299015
299017
299018
299021
299023
299024
299025
299026
299028
299029
299030
299032
299034
299037
299038
299040
299042
29939
29947
29956
29959
29964
29965
29975
29982
299829
29987
30000
30267
30275
30283
30291
30295
30301
30304
30309
30314
30319
30334
30345
30563
30564
30659
30660
30662
30663
30664
30666
30801
30802
30803
30804
30805
30806
30807
30808
30811
30812
30813
30814
30815
30816
30820
30821
30822
30824
30825
31389
31393
31398
31400
31405
31416
31419
31423
314256
31428
31440
31445
31446
31447
314646
315080
315431
315977
31617
31618
31619
31620
31621
31622
31623
31625
31626
31627
31628
31630
31631
31632
31633
31634
31635
31636
31637
31638
31640
31641
31642
31643
31644
31645
31647
31648
31649
31650
31651
31652
31653
31654
31655
31656
31657
31658
31659
31660
31661
31662
31663
31664
31665
31666
31667
31668
31669
31670
31671
31672
31673
316735
31674
31675
31676
31677
31679
31680
31681
31682
31683
31685
31686
31687
31688
31689
31690
31691
31692
31693
31694
31695
31696
31697
31698
31699
31700
31701
31702
31703
31704
31705
31706
31707
31708
31709
31710
31711
31712
31713
31714
31715
31716
31717
31722
31736
31749
317491
31770
31789
317973
31838
318597
318895
31892
31896
31905
31915
31924
31935
31941
31975
31979
31982
319832
320445
320996
321365
322017
322904
323193
324307
32431
32442
32447
32448
32455
32459
32463
324652
324939
32705
32710
32740
32756
32767
32961
32962
32963
32978
32988
32998
33000
33003
33007
33021
33040
33360
33361
33363
33366
33371
33373
33375
33377
33379
33381
33384
33391
33393
33395
33397
33399
33401
33403
33406
33409
33411
33414
33417
33419
33420
33422
33424
33425
33427
33429
33431
33433
33434
33436
33438
33441
33442
33444
33445
33448
33450
33451
33453
33455
33458
33460
33464
33465
33470
33474
33475
33476
33477
33478
33479
33480
33481
33482
33483
33484
33485
33487
33488
33489
33490
33491
33492
33493
33494
33495
33496
33498
33500
33501
33502
33504
33505
33506
33508
33509
33510
33511
33513
33514
33515
33516
33517
33518
33522
33523
33524
33525
33526
33527
33528
33529
33530
33534
33535
33537
33539
33541
33545
33562
33569
33577
33586
33697
33705
33721
33728
33737
33740
33744
33751
33756
33765
33784
34757
34760
34846
34847
34848
34849
34851
34852
34855
34857
34859
34862
34882
34898
34900
34902
34998
34999
35000
35002
35003
35004
35006
35007
35009
35010
35012
35013
35014
35016
35017
35018
35020
35021
35023
35025
35026
35158
35159
35160
35161
35162
35163
35164
35165
35166
35169
35173
35201
35202
35204
35206
35207
35209
35211
35212
35214
35216
35218
35220
35221
35222
35224
35225
35226
35227
35228
35229
35230
35231
35235
35239
35241
35242
35244
35245
35247
35248
35252
35258
35259
35260
35263
35266
35269
35271
35274
35278
35279
35280
35281
35282
35284
35285
35287
35288
35290
35291
35292
35293
35295
35296
35298
35300
35302
35304
35306
35307
35308
35309
35310
35312
35315
35317
35318
35319
35320
35321
35322
35323
35324
35325
35326
35327
35330
35333
35337
35338
35339
35343
35346
35348
35350
35351
35352
35353
35355
35357
35360
35363
35365
35368
35370
35373
35375
35380
35388
35390
35396
35397
35403
35411
35414
35423
35427
35431
35435
35436
35445
35452
36120
361482
36151
36159
36175
36249
36264
36280
36288
36316
36399
36406
36424
36429
36446
36551
36659
36679
36702
36705
36706
36707
36708
36709
36710
36711
36712
36855
36857
36859
36861
36863
36864
36865
36867
36871
36873
36876
36881
36883
36885
36888
36890
36892
36896
36900
36902
36904
36906
36908
36910
36912
36914
36915
36917
36922
36924
36926
36928
36930
36931
36932
36934
36935
36936
36938
36939
36940
36942
36944
36949
36950
36952
36953
36955
36956
36958
36960
36961
36962
36963
36965
36966
36967
36968
36970
36973
36977
36979
36980
36982
36984
36988
36989
36991
36992
36994
37004
37008
37009
37011
37013
37014
37015
37019
37023
37025
37027
37028
37030
37031
37035
37039
37040
37041
37045
37046
37048
37049
37050
37051
37054
37067
37068
37072
37077
37080
37081
37088
37090
37092
37095
37097
37103
37259
37273
37293
37305
37315
37336
37361
37389
37511
37521
37538
37544
37555
37561
38436
38439
38441
38443
38445
38448
38452
38453
38455
38457
38458
38459
38460
38462
38464
38465
38467
38468
38471
38477
38482
38487
38489
38491
38502
38938
38939
38942
38945
38948
38950
38952
38954
38956
38958
38960
38962
38963
38970
38974
38975
38976
38978
38980
38981
38983
38986
38989
38991
38994
39000
39005
39011
39015
39019
39027
39029
39031
39033
39036
39038
39040
39042
39046
39049
39053
39059
39064
39067
39071
39078
39082
39085
39088
39089
39091
39093
39097
39099
39100
39102
39104
39106
39108
39111
39114
39119
39122
39136
39140
39143
39145
39147
39148
39149
39150
39153
39156
39158
39161
39162
39163
39164
39165
39166
39168
39173
39177
39182
39184
39186
39195
39205
39213
39220
41103
41105
41107
41110
41111
41113
41114
41116
41117
41119
41120
41122
41124
41125
41126
41128
41129
41130
41132
41133
41136
41137
41191
41225
41229
41234
41237
41245
41267
41280
41285
41286
41290
41293
41299
41301
41303
41306
41307
41309
41312
41314
41316
41318
41320
41322
41323
41325
41328
41330
41331
41334
41336
41339
41340
41343
41345
41347
41348
41352
41354
41357
41358
41359
41360
41362
41367
41369
41372
41375
41377
41412
41413
41415
41417
41419
41420
41422
41423
41428
41430
41431
41433
41434
41435
41437
41438
41440
41441
41443
41444
41446
43767
43768
43769
43780
43786
43787
44382
44383
44385
44387
44389
44393
44396
44397
44399
44582
44583
44584
44585
44586
44587
44588
44589
44590
44591
44592
44593
44594
44595
44596
44597
44598
44599
44600
44601
44602
44603
44604
44605
44606
44607
44608
44609
44610
44611
44612
44613
44614
44615
44616
44617
44618
44619
44620
44621
44622
44623
44624
44625
44626
44627
44628
44629
44630
44631
44632
44633
44636
44638
44639
44640
44641
44642
44643
44644
44779
44782
44796
44811
44936
44937
44938
44940
44942
44943
44944
44947
44948
45005
45011
45014
45025
45107
45138
45148
45259
45924
45926
45928
45930
45931
45933
45934
45935
45937
45938
45941
45942
45943
45946
45947
45948
45951
45952
45953
45954
45955
45956
45957
45960
45962
45965
45967
45969
45971
45972
45975
45977
45978
45981
45984
45985
45987
45989
45991
45993
45996
45998
46000
46002
46017
46020
46024
46025
46026
46028
46029
46030
46031
46033
46034
46036
46038
46039
46040
46041
46042
46043
46044
46047
46048
46049
46051
46054
46055
46057
46059
46062
46064
46067
46068
46069
46070
46072
46073
46083
46132
46133
46135
46136
46138
46139
46140
46142
46143
46144
46146
46147
46149
46150
46151
46152
46153
46154
46155
46156
46157
46158
46387
47362
47427
47439
47902
47903
47905
47906
47907
47908
47909
47910
47911
47912
47913
47914
47915
47916
47917
47918
47919
47920
47921
47922
47924
47925
47926
47927
47929
47930
47932
47933
47934
47935
47936
47937
47938
47940
47943
47944
47945
47946
47947
47948
47950
47952
47956
47974
47976
47977
47978
47999
48002
48003
48005
48006
48007
48008
48010
48011
48012
48014
48015
48016
48017
48019
48020
48021
48022
48023
48024
49455
49457
49459
49460
49462
49463
49465
49466
49468
49470
49472
49473
49475
49477
49478
49479
49480
49482
49486
49487
49488
49490
49495
49496
49497
49499
49500
49501
49503
49505
49506
49507
49509
49510
49512
49513
49514
49515
49516
49517
49518
49520
49521
49522
49523
49525
49526
49527
49528
49529
49530
49531
49532
49533
49534
49535
49536
49537
49538
49539
49540
49541
49542
49543
49544
49545
49546
49547
49548
49549
49550
49551
49552
49553
49554
49555
49556
49557
49558
49559
49560
49561
49562
498791
499390
499391
499393
499395
499398
499399
499401
499403
499404
499405
499406
499408
499409
499410
499413
499414
499415
499417
499418
499420
499423
499429
499432
499433
499436
499437
499440
499441
499442
499443
499445
499447
499448
499450
499452
499569
499762
499774
499779
499816
499827
499838
499855
499861
499871
499882
499894
499907
499936
499969
500001
500004
500029
500044
500064
500071
500079
500085
500094
500113
500493
500503
501039
501041
501043
501047
501048
501049
501050
501051
501052
501054
501056
501057
501821
501822
501823
501824
501825
501826
501827
501829
501830
501831
501832
501833
501834
501835
501836
501837
501838
501839
501840
501841
501842
501843
501844
501845
501846
501847
501848
501850
501851
501852
501853
501854
501855
501856
501857
501858
501859
501861
501862
501920
501928
501936
501949
501954
502066
502218
502251
502256
502272
502466
502495
503143
503149
503152
503159
503165
503168
503169
503173
503179
503184
503187
503271
503792
503826
503830
503834
503842
503845
504410
504415
504560
504562
504563
504564
504565
504566
504569
504571
504572
504573
504574
504575
504576
504577
504578
504582
504585
504587
504593
504605
504606
504680
504685
504694
504709
504714
504726
504731
504736
504740
504746
504750
504770
504780
504788
504799
504810
504823
504840
504896
504940
504946
504950
504957
504981
504990
504995
505002
505007
505504
505507
505511
505516
505523
505524
505527
505530
505532
505535
505536
505538
505541
505545
505547
505551
505889
505894
505896
505900
505951
505987
506999
507000
507005
507007
507010
507011
507012
507015
507019
507021
507024
507025
507026
507029
507031
507033
507036
507037
507040
507042
507043
507044
507046
507047
507049
507050
507051
507054
507056
507058
507060
507062
507065
507067
507069
507070
507072
507074
507075
507077
507079
507467
507477
507482
507485
507490
507491
507499
507503
507506
507507
507510
507513
507515
507518
507522
507526
507530
507533
507538
507544
507548
507552
507556
507561
507564
507569
507573
507577
507580
507583
507585
507588
507593
507596
507599
507602
507606
507610
507613
507618
507624
507748
507751
507752
507754
507756
507757
507759
507761
507764
507767
507768
507772
507774
507775
507776
507779
507781
507783
507786
507788
507792
507793
507795
507797
507798
507801
507804
507805
507806
507807
507809
507810
508446
508450
508452
508455
508456
508458
508460
508461
508463
508466
508468
508471
508473
508474
508476
508477
508478
508480
508482
508484
508485
508488
508490
508491
509259
509264
509266
509271
509275
509278
509281
509283
509286
509289
509292
509295
509298
509303
509307
509311
509313
509319
509321
509325
509718
509720
509723
509724
509727
509730
509731
509734
509736
509740
509746
509752
509760
509765
509771
509775
509781
509785
509786
509788
509789
509790
509792
509793
509794
509797
509798
509799
509800
509803
509808
509813
509818
509824
509832
509839
509845
509850
509855
509860
509865
509870
509876
509880
509885
509891
509899
509904
509909
509915
509920
509926
509933
509942
509947
509951
509955
509957
509958
509960
510002
510008
510014
510022
510027
510031
510033
510035
510038
510042
510060
510316
510318
510319
510320
510321
510323
510324
510326
510329
510330
510332
510334
510336
510337
510340
510341
510342
510343
510344
510345
510346
510347
510348
510349
510350
510351
510352
510353
510354
510356
510357
510358
51089
51091
51092
51094
51096
51098
51102
51126
51128
51129
51130
51132
51134
51136
51137
511772
511775
511778
511814
511867
511903
511910
511916
511921
511946
511949
511950
511954
512501
512502
512503
512506
512507
512508
512510
512511
512512
512513
512514
512515
512517
512519
512724
512728
512732
512738
512742
512748
512751
512754
512759
512764
512768
512771
512775
512777
512796
512799
512803
512805
512807
512810
512816
512819
512823
512826
512828
512832
512840
512844
512845
512854
512858
512862
512866
512867
512869
512872
512874
512877
512880
513375
513385
513425
513428
513431
513436
513440
513444
513450
513455
513458
513461
513464
513468
513473
513481
513498
513507
513515
513523
513528
513533
514169
514175
514177
514182
514188
514198
514251
514286
514320
514330
514341
514354
514362
514367
514381
514399
515001
515042
515083
515102
515134
515160
515181
516123
516127
516136
51614
516140
516145
516153
516158
516163
516165
516166
516168
516171
51618
516184
516186
51619
516190
516192
516194
516195
516196
516198
51620
516201
516203
51621
516210
516214
516216
516218
51622
516221
516225
516230
516472
516476
516478
516481
516482
516483
516485
516488
516492
516493
516497
516499
516501
516505
516506
516507
516510
516512
516513
516517
516518
516520
516522
516525
516526
516529
516531
516533
516535
516538
516540
516542
516544
516545
516548
516549
51691
51692
51694
51695
51696
51699
51700
51702
51703
51704
51706
51708
51711
51712
51714
517141
517146
517147
51715
517150
517152
517154
517155
517159
517162
517165
51717
517170
517174
517177
51718
517180
517187
51719
517190
517193
517194
517197
517199
51720
517201
517203
51722
51723
517237
51724
517242
517243
517246
517249
51725
517252
517254
51727
51728
51731
51732
51733
51734
51736
51737
51738
51739
51740
51741
51742
51743
517490
517493
517495
518879
518881
518882
518883
518884
518885
518887
518890
518891
518892
518894
518895
518897
518899
518900
518906
518907
518908
518911
518913
518915
518916
518941
518942
518943
518944
518945
518947
518949
518951
518952
518954
518955
518957
518959
518963
518965
518967
518974
518980
518984
518990
518996
519002
519006
519011
519017
519021
519028
519031
519037
519046
519052
519055
519059
519072
519075
519078
519083
519086
519092
519095
519101
519108
519114
519323
519332
519347
519360
519418
519427
519438
519447
519448
519451
519454
519486
519949
519953
519958
520111
520119
520548
520554
520565
520567
520570
520577
520594
520620
520721
520734
520736
520749
520759
520775
520783
520788
520793
520796
520802
520805
520810
520818
520820
520822
520825
520827
520829
520832
520834
520836
520839
520840
520842
520845
520856
520859
520869
520878
520885
520894
520904
52133
521399
521415
521420
521423
521438
521447
521457
521467
521477
521535
521536
521538
521539
521540
521541
521542
521543
521545
521546
521547
521549
521550
521551
521552
521555
521556
521558
521559
521560
521562
521563
521564
521569
521570
521571
521572
521574
521575
521576
521577
521581
521589
521597
521606
521608
521612
521615
521617
521620
521621
521658
521678
521694
521721
522671
522675
522682
522685
522686
522690
522693
522697
522700
522701
522703
522708
522711
522728
522782
522794
522804
522875
522886
522894
522909
522917
522924
522930
522933
522938
522942
522944
522946
522949
522956
522962
522970
522973
522976
522978
522983
522992
522995
523003
523027
523042
523054
523057
523062
523065
523067
523070
523072
523075
523077
523081
523092
523095
523100
523106
523110
523113
523122
523132
523145
523153
523182
523211
523223
523229
523344
523352
523368
523379
523400
523415
523423
523435
523442
523447
523451
523456
523476
523482
523489
523496
523527
523546
523556
523562
523569
523573
523577
523580
523583
523587
523593
523597
523603
523610
523617
523624
523633
523638
523644
523646
523651
523655
523656
523658
523660
523661
523663
523667
523669
523672
523675
523680
523683
523688
523689
523693
523694
523697
523701
523702
523705
523709
523714
523719
523803
523820
523833
523842
523853
523859
523870
523872
523876
524015
524017
524019
524022
524024
524026
524028
524029
524031
524032
524033
524035
524036
524037
524039
524041
524042
524043
524045
524046
524048
524049
524051
524052
524054
524055
524057
524058
524059
524060
524062
524063
524064
524066
524067
524068
524070
524071
524074
524075
524076
524078
524079
524081
524082
524083
524084
524085
524087
524088
524090
524091
524092
524093
524095
524096
524097
524098
524100
524101
524103
524104
524106
524108
524109
524110
524112
524113
524114
524115
524118
524119
524120
524121
524123
524125
524126
524127
524129
524130
524131
524132
524134
524135
524136
524137
524139
524141
524167
524168
524170
524171
524824
524849
524876
524933
524942
525398
525399
525401
525402
525404
525406
525408
525409
525412
525414
525421
525422
525423
525426
525427
525429
525430
525431
525433
525434
525435
525437
525438
525440
525441
525443
525444
525445
525447
525448
525713
525717
525719
525721
525725
525728
525734
525736
525737
525738
525742
525744
525746
525747
525748
525750
525752
525754
525757
525761
525763
525766
525768
525770
525771
525773
525777
525779
525780
525782
525784
525787
525789
525790
525791
525793
525794
525795
525796
525799
525801
525803
525804
525805
525807
525808
525810
525813
525814
525815
525817
525818
525820
525821
525822
525823
525825
525827
525828
525829
525831
525832
525834
525835
525836
525865
526833
526834
526835
526836
526837
526838
526840
526841
526842
526844
526846
526847
526848
526850
526854
526856
526857
526858
526861
526863
526864
526865
526867
526868
526871
526873
526875
526877
526879
526882
526883
526886
526887
526889
526891
526893
526896
526898
526900
526902
526905
526906
526908
526910
526911
526912
526914
526915
526917
527414
527491
527522
527560
527592
527621
527627
527635
527776
527787
527980
527981
527982
527984
527986
527988
527992
527993
527994
527995
527996
527997
527998
527999
528000
528001
528002
528004
528005
528006
528007
528008
528009
528011
528012
528014
528015
528016
528017
528018
528019
528020
528022
528023
528024
528026
528028
528030
528031
528032
528035
528037
528038
528039
528557
528565
528568
528570
528572
528574
528578
528581
528584
528588
528592
528599
528603
528613
528617
528624
528632
528635
528637
528642
528647
528649
528652
528664
528672
528677
528683
528691
528704
528716
528725
528735
528745
529044
529050
529055
529068
529154
529158
529181
529184
529192
529195
529200
529216
529237
529325
529326
529327
529328
529329
529330
529331
529332
529333
529334
529335
529336
529338
529339
529341
529342
529343
529344
529345
529347
529348
529349
529351
529352
529353
529355
529356
529357
529358
529359
529360
529361
529362
529363
529364
529365
529367
529368
529369
529370
529371
529372
529373
529375
529376
529378
529380
529382
529384
529387
529400
529402
529403
529405
529406
529409
529410
529413
529414
529416
529417
529419
529420
529421
529423
529425
529427
529428
529431
529433
529435
529438
529440
529441
529443
529444
529446
529447
529450
529451
529452
529454
529455
529456
529458
529460
529462
529464
529465
529467
529468
529470
529471
529473
529474
529476
529478
529479
529480
529482
529483
529485
529486
529488
529489
529491
529916
530376
530377
530379
530382
530383
530385
530386
530389
530390
530391
530392
530395
530398
530399
530401
530402
530405
530409
530411
530412
530415
530417
530418
530420
530422
530423
530424
530425
530426
530427
530428
530429
530430
530431
530432
531751
531752
531754
531755
531756
531757
531759
531760
531761
531762
531763
531764
531766
531767
531768
531769
531771
531772
531773
531774
531775
531776
531779
531781
531782
531783
531784
531785
531786
531788
531789
53219
53222
532433
532659
532667
532672
53867
53868
53869
53870
53871
53872
53873
53874
53875
53877
53878
53879
53880
53882
53883
53884
53885
53886
53887
53888
53889
53890
53891
53892
53893
53894
53895
53896
53897
53898
53899
53900
53901
53902
53903
53904
53905
53906
53907
53908
53909
53912
53913
53914
53915
53916
53917
53918
53920
53921
53922
53923
53924
53925
53926
53927
53928
53929
53931
53932
53933
53934
53935
53936
53937
53943
53945
53946
53948
53950
53951
53952
53953
53955
53956
53957
53958
53960
53962
53966
53967
53970
53971
53972
53973
53974
53975
53977
53980
53981
53982
53983
54102
542802
542807
542813
542819
542825
542827
542852
542855
542856
542860
542864
542865
542870
542871
542875
542877
542881
542882
542887
542888
542893
542896
542898
542899
542902
542903
542908
542911
542916
542918
542923
542926
542930
542933
542935
542939
542941
542943
542945
542946
542949
542950
542952
542954
542958
542960
542962
542964
542966
542972
542983
542997
543012
543028
543036
543042
543048
543060
543070
543081
543092
543100
543109
543122
543855
543857
543859
543860
543872
543873
543874
543875
543876
543877
543878
543880
543881
543882
543883
543884
543885
543887
543889
543890
543891
543892
543893
543895
543896
543897
543898
543899
543900
543901
543902
543904
543905
543906
543907
543908
543909
543911
543912
543913
543914
543915
544051
544059
544061
544063
544066
544067
544068
544069
544070
544399
544404
544413
544427
544434
544439
544442
544447
544455
544461
544467
544472
544474
544476
544478
544482
544483
544485
544488
544490
544491
544492
544493
544495
544496
544499
544502
544503
544507
544512
544515
544519
544523
544526
544532
545057
545080
545105
545116
545468
545469
545470
545472
545474
545475
545476
545477
545478
545479
545480
545482
545484
545485
545486
545488
545490
545491
545493
545494
545498
545500
545501
545502
545503
545505
545506
545508
545509
545511
545512
545514
545515
545516
545517
545518
545519
545520
545521
545522
545528
545531
545534
545537
545541
545542
545544
545545
545548
545551
545553
545555
545558
545562
545564
545566
545567
545568
545570
545571
545864
545866
545867
545869
545871
545873
545874
545875
545876
545877
545879
545880
545882
545883
545884
545885
545887
545892
545893
545895
545896
545898
545900
545902
545904
545906
545907
545908
545911
545913
545914
545916
545917
545918
545920
545921
545923
545925
545926
545927
545929
545930
545931
545933
545934
546571
546583
546636
546777
546843
546853
546856
546863
546867
546873
546879
546884
546891
546899
546904
546911
546918
546936
546945
546961
546973
546980
546990
547004
547006
547008
547011
547016
547020
547027
547033
547036
547040
547045
547055
547058
547060
547065
547071
547079
547083
547088
547091
547094
547107
547118
547140
547146
547154
547162
547187
547656
547657
547659
547844
547846
547849
547853
547861
547862
547866
547868
548013
548021
548052
548073
548081
548118
548131
548158
548161
548167
548168
548170
548171
549164
549168
549171
549172
549174
549177
549179
549180
549184
549186
549191
549194
549195
549210
549212
549319
549323
549326
549337
549340
549400
549401
549405
549651
549654
549655
549657
549658
549660
549661
549663
549665
549667
549669
549671
549673
549677
549679
549682
549684
549686
549689
549692
549693
549695
549696
549697
549699
549701
549703
549705
549707
549708
549710
549711
549712
549715
549717
549720
550696
550819
550910
551149
551151
551152
551155
551157
551160
551163
551172
551176
551178
551180
551188
551191
553061
553067
553073
553077
553080
553083
553087
553088
553092
553093
553098
553100
553101
553105
553106
553107
553111
553114
553115
553117
553119
553120
553121
553122
553124
553126
553127
553128
553130
553131
553133
553135
553137
553139
553595
553601
553606
553615
553621
553627
553634
553644
553654
553658
553664
553667
553671
553677
553682
553684
553688
553693
553698
553703
553738
553741
553746
553751
553754
553758
553761
553765
553770
553775
553778
553781
553785
553792
553795
553803
553808
553818
553824
553829
553857
553863
553867
553871
553873
553876
553879
553880
553886
553890
553899
553915
553931
553944
553948
553955
553956
553958
553960
553962
554431
554445
554772
554777
554780
554783
554788
554790
554795
554797
554800
554801
554804
554805
554806
554810
554812
55482
554821
55484
554992
554998
555006
555020
555023
555026
555033
555040
555045
555737
555739
555740
555743
555744
555745
555746
555748
555749
555750
555753
555755
555756
555758
555759
555760
555761
555762
555763
555765
555766
555767
555769
555770
555773
555774
555775
555778
555780
555781
555782
555786
555796
555798
555799
555800
555806
555814
555818
555823
555828
555833
555837
555839
555845
555850
555860
555866
555873
555876
555883
555893
555907
555915
555921
555927
555934
555940
556489
556491
556495
556500
556503
556511
556513
556515
556520
556524
556535
556536
556542
556547
556557
556575
556578
556581
556584
556586
556587
556603
556612
556619
556626
556631
556640
556642
556649
556653
556656
556661
556666
556671
556673
556676
556679
556681
556682
556685
556686
556694
556697
556701
556706
556714
556717
556721
556726
556734
556798
556801
556804
556807
556808
556811
556813
556815
556816
556818
556821
556823
556826
556827
556828
556830
556831
556834
556835
556838
556843
556845
556848
556851
556854
556856
556858
556860
556861
556862
556864
556869
556870
556871
556875
556878
556882
556885
556889
556893
556898
556900
556901
556903
556906
556908
556909
556910
556912
556916
556918
557233
557647
557650
557653
557656
557658
557660
557664
557666
557669
557671
557672
557675
557677
558169
558171
558172
558173
558174
558175
558176
558177
558178
558179
558181
558182
558183
558534
558535
558537
558539
558540
558541
558542
558543
558545
558547
558548
558549
558551
558552
558554
558555
558556
558558
558559
558561
558564
558569
558582
558583
558586
558587
558588
558589
558591
558592
558593
558594
558595
558596
558597
558598
558599
558600
558601
558602
558603
558604
558605
558606
558607
558608
558609
560389
560445
562904
562906
562908
562912
562914
562915
563968
563969
563971
563973
563975
563976
563978
563979
563980
563981
563982
563983
563984
563985
563986
563988
563989
563990
563992
563993
563994
563995
563999
564001
564003
564007
564009
564012
564016
564020
564026
564792
564850
564862
564866
564879
564882
564889
565031
565037
565039
565042
565044
565048
565050
565052
565053
565055
565057
565059
565061
565063
565065
565067
565069
565071
565075
565078
565080
565081
565082
565084
565086
565089
565517
565955
565956
565957
565958
565961
565964
565965
565967
565968
565970
565972
565974
565976
565977
565978
565980
565981
565982
565986
565988
565989
565990
565991
565992
565994
565996
565998
566000
566002
566005
566008
566011
566515
566522
566524
566525
566533
566535
567220
567222
567224
567234
567247
567253
567256
567260
567262
567267
567270
567273
567276
567280
567326
567328
567330
567333
567334
567335
567338
567340
567341
567342
567343
56845
56846
56847
568488
56849
568498
56850
56851
568513
568528
56853
56854
568541
568547
56855
56879
56882
56884
56885
56886
56887
56889
56891
56892
56893
56894
56895
56896
56898
56899
56900
56901
56902
56903
56905
569057
56906
569062
56907
56908
56909
56910
56911
56912
56913
56914
56915
56916
56918
56920
56921
56922
56924
56925
56926
56927
569276
56928
56929
56931
56933
56934
56935
569352
56936
56937
56938
56939
56940
56941
56942
56952
56953
56956
56957
56960
56961
56962
56964
56965
56966
56967
56969
56970
56971
56975
56976
56977
56979
56980
56982
56983
56984
56987
56989
56990
56991
56992
570262
570263
570264
570269
570271
570274
570277
570280
570283
570285
570289
570309
570310
570312
570313
570315
570317
570318
570319
570320
570322
570323
570324
570326
570328
570329
570330
570333
570334
570335
571265
571270
571690
57226
57254
572545
572897
572901
572938
572940
572953
572955
572957
572958
572959
572960
572961
572962
572964
572966
572969
572971
572973
572975
572976
572978
572980
572984
572986
572988
572989
572991
572994
572998
573002
573004
573008
573010
573985
573986
573988
573989
573990
573991
573992
573993
573994
573996
573998
573999
574000
574001
574002
574003
574005
574007
574008
574009
574011
574014
574015
574017
574020
574022
574026
574028
574029
574032
574033
574034
574035
574037
574038
574040
574041
574042
574043
574044
574045
574046
574048
574049
574051
574052
574055
574056
574059
574060
574061
574067
574397
574398
574399
574400
574402
574403
574404
574405
574406
574407
574409
574410
574411
574412
574413
574414
574415
574416
574417
574418
574419
574420
574421
574422
574423
574424
574425
574426
574427
574428
574429
574430
574431
574432
574433
574435
574436
574437
574438
574439
574440
574441
574442
574443
574444
574445
575026
575027
575029
575032
575034
575036
575037
575039
575041
575042
575043
575047
575066
575067
575068
575070
575071
575072
575074
575076
575077
575078
575082
575083
575085
575086
575087
575089
575091
575093
575095
575222
575226
575229
575370
575371
575373
575374
575375
575377
575378
575379
575382
575383
575384
575385
575386
575388
575389
575390
575392
575394
575396
575397
575398
575403
575405
575407
575408
575409
575410
575412
575414
575417
575456
575458
575459
575461
575462
575463
575464
575465
575467
575468
575470
575471
575473
575475
575477
575480
575483
575495
575501
575505
575510
575516
575617
575619
575622
575625
575632
576066
576067
576069
576071
576073
576075
576076
576078
576079
576080
576081
576083
576084
576086
576087
576089
576090
576091
576093
576094
576109
576114
576119
576125
576129
576146
576154
576162
576163
576165
576167
576170
576172
576175
576177
576178
576179
576183
576191
576193
576195
576197
576198
576201
576204
576205
576206
576207
576208
576210
576212
576215
576218
576219
576225
576226
576227
576232
576235
576236
576237
576239
576241
576242
576243
576244
576246
576247
576248
576249
576254
576255
576256
576258
576260
576264
576266
576270
576273
576276
576277
576278
577637
577642
577648
577654
578600
578694
578695
578698
578701
578709
57871
578713
578718
578722
578725
578730
578859
578861
578865
578867
578868
578870
578872
578874
578876
578879
578881
578882
578884
578885
578887
578888
578890
578892
578893
578894
578902
578903
578904
578905
578906
578907
578910
578911
578914
578915
578918
578922
578924
578927
578928
578930
578931
578934
579607
579610
579624
580027
580271
580277
580285
580287
580289
580293
580297
580301
580305
581156
581166
581173
581182
581191
581203
581224
581236
581246
581265
581275
581278
581280
581281
581283
581285
581286
581290
581291
581293
581297
581300
581302
581304
581307
581309
581310
581312
581314
581316
581319
581320
581322
581326
581330
581333
581336
581339
581340
581344
581346
581349
581352
581357
581360
581370
581376
581378
581391
581409
581440
581464
581487
581502
582190
582264
582277
583272
584074
584323
584325
584327
584329
584331
584333
584335
584336
584338
584339
584341
584342
584344
584345
584346
584349
584350
584352
584353
584355
584358
584360
584361
584363
584364
584367
584371
584374
584376
584380
584381
584383
584385
584389
584392
584396
584399
584403
584406
584407
584505
584542
584558
584569
584598
584623
584629
584638
584645
584656
584676
584683
584697
584720
584744
584759
584776
584790
584803
584810
585103
585104
585107
585110
585111
585115
585117
585131
585138
585151
585165
585170
585171
585173
585174
585175
585176
585181
585182
585187
585254
585327
585434
585435
585436
585437
585438
585439
585440
585441
585442
585443
585444
585445
585446
585447
585448
585449
585450
585451
585452
585453
585454
585455
585456
585457
585458
585459
585460
585461
585462
585463
585464
585465
585466
58568
58569
58571
58572
58575
58576
58577
58578
58579
58580
58581
58582
58583
58584
58585
58587
58588
58589
58590
58591
58593
58594
58596
58597
58598
58599
58600
58601
58602
58604
58606
58608
58610
58612
58614
58615
58616
58617
58619
58621
58624
58626
58627
58628
58629
586296
58630
58632
586333
58634
58635
58636
586365
586377
58638
586407
586433
586439
58644
58645
586459
586465
586469
586479
586480
586482
586483
586486
586488
586489
58649
586491
586492
586493
586494
586496
586498
586499
586500
586501
586502
586503
586504
586507
58651
586511
58653
586538
58655
58658
586594
58660
58663
586640
586647
58665
586650
586652
586653
586656
58666
586660
586662
58667
58668
58669
58670
58671
58672
58673
58674
58675
58676
58677
58678
58679
58680
58681
58682
58685
58686
58688
58690
58691
58692
58694
58695
58697
58698
58699
58700
587008
58702
58704
587043
58709
587492
587498
587526
587531
587535
587539
587547
587566
587856
587863
587873
587881
587883
587888
587901
587912
587914
587947
587956
587974
587988
588000
588027
588055
588060
588064
588082
588105
588118
588123
588128
588427
588428
588429
588430
588431
588432
588433
588434
588435
588436
588437
588438
588439
588440
588441
588442
588443
588444
588445
588446
588447
588448
588519
588534
588549
588560
589572
589575
589576
589580
589581
589582
589584
589585
589586
589587
589589
589591
589592
589593
589594
589595
589596
589597
589599
589600
589603
589604
589605
589606
589607
589613
589614
589615
589617
589618
589620
589621
589622
589623
590373
590378
590952
590960
590961
590963
590964
590965
590966
590968
590970
590971
590972
590973
590974
590976
590977
590978
590979
590981
590982
590983
590985
590986
590987
590989
590990
590992
590993
590994
590996
590997
590998
591000
591002
591004
591006
591007
591010
591011
591013
591014
591015
591017
591018
591019
591020
591021
591022
591023
591024
591025
591027
591028
591029
591031
591032
591034
591036
591038
591040
591041
591043
591045
591047
591048
591052
591054
591056
591057
591058
591061
591064
591066
591068
591070
591082
591085
591086
591088
591089
591091
591093
591096
591098
591099
591104
591105
591106
591110
591111
591115
591116
591118
591121
591122
591123
591126
591128
591129
591133
591134
591135
591137
591138
591139
591142
591143
591145
591147
591148
591150
591151
591154
591156
591157
591159
591160
591165
591167
591168
591170
591171
591172
591173
591174
591177
591178
591180
591187
591188
591194
591195
591197
591198
591199
591200
591202
591204
591206
591207
591210
591213
591214
591219
591223
591226
591231
591235
591256
591258
591301
591302
591303
591309
591311
591339
591345
591960
591964
591966
591969
591971
591973
591974
591976
591978
591980
591987
591989
591993
591994
591996
591999
592003
592005
592006
592008
592011
592015
592017
592019
592020
592021
592023
592027
592028
592030
592033
592035
592036
592992
593033
594285
596102
596424
596485
596776
596814
596818
596821
596827
596828
596830
596833
596839
596846
596847
596865
596895
597620
597622
597623
59785
59801
60266
60267
60268
60269
60270
60271
60272
60274
60275
60276
60277
60278
60279
60280
60281
60282
60283
60285
60286
60287
60289
60290
60292
60294
60295
60296
60297
60298
60299
60301
60302
60304
60305
60306
60307
60310
60320
60322
60324
60326
60327
60328
60331
60337
60339
60340
60341
60342
60344
60345
60346
60348
60349
60350
60351
60352
60359
60361
60362
60363
60365
60368
60369
60371
60373
60375
60376
60377
60379
60380
60384
60385
60386
60388
60389
60391
60392
60394
60395
60396
60398
60399
60401
60404
60406
60407
60409
60410
60412
60414
60415
60417
60418
60420
60421
60422
60424
60425
60426
61929
61930
61932
61933
61934
61935
61936
61937
61939
61941
61942
61943
61944
61945
61947
61948
61949
61951
61952
61953
61954
61955
61956
61957
61958
61959
61960
61961
61963
61964
61966
61967
61968
61970
61972
61978
61979
61982
61984
61985
61986
61987
61989
61991
61992
61993
61994
61995
61997
61998
61999
62000
62001
62002
62004
62005
62006
62008
62009
62010
62012
62013
62015
62017
62020
62022
62023
62025
62028
62032
62039
62045
62049
62052
62057
62059
62061
62063
62065
62067
62069
62072
62074
62075
62076
62078
62081
63038
63346
63347
63900
63901
63902
63903
63904
63905
63906
63907
63908
63909
63910
63911
63912
63913
63914
63915
63916
63917
63919
63920
63921
63922
63923
63925
63927
63928
63929
63930
63931
63932
63933
63934
63935
63937
63938
63939
63940
63941
63942
63943
63944
63945
63946
63947
63948
63949
63950
63951
63952
63953
63954
63955
63956
63957
63958
63959
63960
63961
63962
63963
63964
63965
63966
63967
63968
63969
63970
63971
63972
63973
63974
63976
63977
63978
63979
63980
63981
63983
63984
63985
63986
63987
63988
63989
63990
63991
63992
63994
63995
63996
63997
63998
64271
64282
64283
64296
64297
64298
64300
64302
64305
64308
64309
64311
64312
64314
64315
64405
64420
64424
64425
64440
64446
64451
64459
64467
64474
64507
65517
65518
65519
65520
65521
65522
65523
65524
65526
65527
65528
65530
65531
65532
65533
65535
65536
65537
65538
65539
65542
65543
65544
65545
65546
65547
65548
65549
65550
65551
65552
65553
65554
65556
65557
65558
65562
65563
65565
65566
65567
65569
65570
65571
65573
65574
65575
65577
65579
65580
65581
65582
65583
65584
65585
65588
65589
65590
65591
65592
65596
65598
65599
65601
65604
65605
65607
65608
65609
65611
65612
65613
65615
65616
65618
65619
65621
65622
65623
65625
65626
65627
65628
65629
66494
66496
66504
66505
66508
66518
66522
66537
66858
66864
66875
66878
66881
66883
66886
66888
66889
66890
66891
66892
66893
66895
66966
66967
67448
67467
67472
67481
67486
67491
67495
67504
67509
67519
67527
67532
67539
67545
67551
67557
67561
67565
67614
67618
67619
67622
67624
67625
67627
67629
67631
67679
68360
68362
68363
68365
68366
68367
68369
68370
68372
68374
68376
68378
68379
68380
68381
68382
68383
68384
68388
68389
68390
68391
68392
68393
68394
68395
68396
68397
68398
68399
68400
68401
68402
68403
68405
68406
68407
68408
68409
68410
68415
68445
68448
68451
68457
68462
68469
68476
68483
68491
68498
68499
68506
68518
68539
68542
68550
68555
68562
68569
68574
68580
68589
68597
68609
68768
68770
68773
68774
68775
68778
68783
68788
68795
68801
68805
68814
69858
69862
69954
69955
69957
69958
69959
69960
69961
69962
69963
69964
69965
69966
69967
69968
69969
69970
69971
69972
69976
69987
69988
69991
70051
70052
70054
70058
70061
70064
70068
70071
70074
70077
70079
70082
70084
70087
70091
70105
70107
70108
70111
70123
71771
71779
71786
71791
71796
71801
71815
71818
71821
71828
71835
71842
71846
71860
71872
71879
71889
71893
71899
71903
71912
71915
71919
71935
71936
71938
71946
71948
71949
71965
71972
71982
71988
71991
71993
71996
72001
72008
72011
72016
72018
72020
72022
72023
72025
72028
72029
72032
72033
72035
72037
73189
73193
73198
73203
73204
73206
73207
73208
73209
73213
73221
73226
73234
73246
73252
73369
73374
73376
73377
73405
73409
73410
73411
73413
73415
73420
73426
73429
73431
73434
73435
73438
73439
73441
73447
73450
73455
73490
73500
74446
74448
74450
74451
74453
74454
74455
74456
74457
74458
74498
74499
74500
74502
74503
74505
74506
74507
74509
74510
74511
74512
74513
74516
74517
74518
74519
74520
74521
74522
74523
74524
74525
74528
74530
74534
74536
74537
74580
74581
74582
74584
74585
74586
74587
74589
74591
74594
74597
74599
74600
74611
74634
74642
74646
74648
74651
74652
74654
74656
74657
74658
74660
74661
74662
74663
74665
74666
74667
74669
74670
74671
74672
74673
74674
74675
74676
74677
74679
74680
74681
74682
74684
74685
74686
74687
74688
74689
74690
74691
74692
74694
74695
74696
74702
74709
74710
74712
74716
74719
74720
75139
75151
75164
75170
75182
76747
76748
76749
76751
76754
76756
76758
76759
76761
76762
76764
76767
76770
76777
76778
76779
76781
76782
76787
76788
76790
76792
76795
76796
76799
76802
76807
76813
76814
76815
76816
76818
76819
76820
76821
76826
76834
76837
76839
76840
76841
76842
76844
76845
76850
76853
76858
76861
76863
76868
76872
76876
76883
76884
76888
76890
76891
76894
76896
76898
76900
76903
76905
76906
76907
76908
76909
76910
76911
76913
76914
76915
76916
76917
76918
76920
76921
76922
76923
76926
76927
76928
79288
79291
79294
79304
79305
79306
79308
79311
79313
79315
79316
79318
79319
79320
79321
79322
79324
79327
79329
79332
79336
79342
79349
79353
79357
79365
79373
79375
79378
79380
79382
79385
79391
79392
79397
79399
79403
79408
79409
79411
79414
79415
79417
79418
79420
79423
79428
79436
79441
79447
79450
79454
79462
79468
79470
79473
79479
79482
79489
79503
79508
79510
79517
79520
79524
79529
79532
79536
79539
79541
79544
79546
79549
79551
79555
79556
79558
79560
79564
79567
79569
79571
79573
79577
80696
80697
80701
80703
80705
80708
80710
80711
80713
80714
80717
80718
80719
80722
80726
80729
80733
80735
80738
80742
80745
80748
80749
80750
80751
80752
80754
80757
80758
80759
80760
80761
80763
80764
80765
80767
80768
80771
80772
80777
80779
80781
80783
80785
80789
80797
80798
80799
80800
80801
80802
80803
80804
80805
80806
80808
80809
80810
80815
80822
80827
80831
80834
80840
82032
82881
82885
82891
82895
82901
82903
82907
82911
82915
82919
82922
82926
82928
82930
82935
82937
82942
82945
82950
82956
82984
82994
83014
83021
83029
83043
83046
83093
83105
83114
83129
83139
83147
83152
83157
83161
83166
83173
83181
83186
85692
85695
85697
85713
85716
85719
85723
85724
85728
85868
85870
85871
85872
85874
85875
85876
85877
85878
85879
85880
85881
85882
85883
85884
85885
85886
85887
85888
85889
85891
85892
85894
85895
85897
85899
85903
85904
85905
85906
85907
85909
85911
85913
85917
85919
85921
85922
85923
85924
85926
85927
85928
85929
85930
85931
85932
85933
85934
85935
85937
85938
86854
86857
86861
86864
86866
86867
86870
86874
86876
86878
86881
86884
86885
86886
86888
86889
86892
86893
86894
86896
86897
86899
86902
86908
86909
86911
86913
86914
86916
86917
86919
86920
86921
86922
86925
86926
86931
86936
87016
88041
88053
88056
88059
89016
89018
89022
89031
89034
89036
89041
89047
89052
89056
89061
89064
89070
89072
89073
89077
89078
89079
89080
89083
89084
89085
89086
89087
89088
89089
89090
89091
89092
89093
89094
89095
89098
89099
89101
89102
89103
89105
89106
89107
89108
89109
89111
89112
89113
89114
89115
89117
89120
89122
89123
89125
89128
89132
89134
89137
89140
89143
89145
89254
89256
89257
89259
89261
89262
89264
89267
89268
89269
89941
90603
90605
90607
90608
90614
90615
90616
90618
90620
90621
90696
90698
90700
90703
90706
90709
90711
90713
90715
90717
90729
90732
90734
90737
90739
90746
90748
90751
90752
90753
90754
91146
91148
91155
91166
91174
91189
91199
91211
91469
91471
91480
91481
91483
91487
91494
91495
91496
91497
91498
91534
91536
91595
91598
91610
92114
92116
92118
92119
92122
92124
92126
92127
92128
92130
92131
92132
92133
92134
92136
92137
92138
92148
92149
92150
92151
92152
92157
92158
92159
92160
92162
92163
92164
92165
92168
92170
92173
92175
92178
92181
92185
92190
92193
92196
92198
92201
92203
92204
92206
92207
92208
92209
92210
92211
92212
92214
92215
92216
92217
92218
92219
92220
92221
92222
92223
92224
92225
92226
92227
92228
92229
92230
92231
92232
92233
92234
92235
92236
92237
92239
92242
92243
92245
92247
92250
92251
92253
92254
92255
92257
92258
92260
92261
92262
92264
92266
92268
92271
92274
92278
92279
92282
92284
92286
92288
92290
92292
92296
92297
92299
92300
92302
92304
92305
92306
92309
92320
92323
92325
92327
92329
92331
92534
92535
92536
92537
92539
92541
92542
92543
92547
92651
92653
92693
92696
92699
92703
92706
92707
92711
92742
92744
92745
92747
92749
92767
92770
92772
92775
92969
92975
92979
92981
92984
92987
92990
92993
92994
92996
93000
93002
93006
93008
93011
93016
93306
93310
93311
93316
93321
93331
93332
93333
93335
93346
93348
93350
93353
93355
93371
93373
93374
93375
93376
93398
93400
93403
93406
93843
93844
93846
93847
93849
93850
93852
93853
93854
93855
93856
93857
93858
93859
93861
93863
93864
93865
93867
93868
93869
93870
93872
93873
93875
93877
93878
93879
93880
93882
93883
93884
93885
93886
93887
93888
93889
93890
93892
93893
93894
93897
93898
93899
93900
93901
93902
93903
93904
93905
93906
93908
93909
93911
93912
93915
94374
94379
94381
94390
94394
94396
94401
94405
94407
94410
94838
94842
94844
94846
94848
94851
94853
94858
94863
94867
94869
94873
94874
94876
94882
94886
94888
94891
94893
94895
94897
94899
94900
94902
94905
94907
94909
94911
94912
94913
94915
94920
94921
94923
94926
94927
94928
94930
94931
94933
94934
94936
94937
94939
94942
94943
94944
94945
94947
94949
94950
94954
94957
94958
94960
94961
94963
94965
94966
94967
94968
94969
94973
95078
95080
95083
95084
95088
95089
95091
95092
95093
95097
96095
96121
96124
96135
96136
96137
96138
96142
96144
96150
96152
96155
96157
96158
96159
96163
96166
96172
96177
96182
96187
96191
96194
96196
96199
96206
96221
96222
96226
96228
96232
96234
96236
96239
96242
96245
96248
96251
96253
96263
96266
96270
96274
96275
96279
96282
96283
96285
96288
96289
96291
96292
96293
96294
96296
96298
96300
96301
96302
96304
96308
96309
96321
96324
96328
96329
96332
96501
96503
96505
96507
96516
96535
96537
96629
96638
96659
96682
96699
96737
96749
96763
96774
96782
96788
96796
96801
96812
96826
96846
96857
96858
96860
96862
96863
96865
96879
96892
96903
96925
96953
96957
96962
96967
97551
97565
97577
97594
97595
97596
97597
97629
97633
97635
97990
97991
97993
97994
97996
97998
97999
98001
98002
98003
98004
98005
98007
98009
98010
98011
98012
98013
98014
98015
98016
98022
98026
98030
98031
98032
98033
98034
98035
98036
98037
98039
98040
98041
98042
98043
98044
98045
98046
98047
98048
98049
98051
98052
98053
98054
98055
98058
98060
98062
98064
98066
98069
98070
98071
98072
98079
98082
98085
98087
98090
98092
98093
98095
98098
98100
98103
98106
98112
98115
98118
98121
98123
98125
98127
98129
98280
98284
98316
99537
99841
99843
99845
99848
99850
99869
99888
99895
99897
99899
99901
99922
99929
99932
99936
99951
99954
99957
99960
99962
99963
99972
99984
99985
99987
