102937
102939
102941
102953
102954
106620
168308
168336
169906
169912
169922
171322
171329
171331
171333
173438
173440
174006
174048
174138
174143
174146
174162
174167
174186
174193
174240
174250
175433
176185
177731
79442
79496
79562
82845
82962
82986
83117
86833
88975
94154
94174
68644
68701
70332
70352
70360
71897
71924
71929
71954
73357
73365
73486
73510
73597
73606
73613
73616
75193
75212
75221
75228
75230
75284
75321
75323
75328
75333
76537
76696
76699
76772
76808
79442
79496
79562
82845
82962
82986
83117
86833
94154
94174
