174048
174060
174078
174138
174141
174143
174146
174148
174152
174155
174160
174162
174167
174174
174186
174188
174193
174196
174198
174206
174211
174216
174219
174229
174234
174236
174240
174244
174246
174250
174251
176131
176132
176135
176140
176141
176144
176149
176151
176154
176156
176182
176183
176185
176186
176188
176189
176191
176192
176194
176196
176209
176212
176249
178961
178964
178976
179061
179138
181189
181190
181192
181193
181194
181195
181196
181197
181213
181215
181250
183447
183448
183485
183522
183541
183613
183622
185764
185767
185771
185773
185776
185778
185791
185795
185799
185801
185839
187092
187095
168394
169972
169974
169986
170003
171315
171318
171324
171326
171328
171364
171378
187928
187940
187946
187989
188047
188052
189530
189533
189535
190978
190991
190993
191026
191047
191059
191096
192069
192072
192102
192135
192136
192142
193560
193578
193584
193587
193592
193595
193598
193601
194959
195008
195014
195039
195041
195045
195067
195088
195094
195114
198084
198085
198087
198088
198625
198629
198632
198637
198642
198645
198659
198680
198706
198725
200961
200980
201022
201024
201029
201071
