561561
564549
562259
562251
561745
564923
566997
567000
561569
570986
561759
562220
561578
564834
566092
566988
566093
561739
562263
564559
562218
567041
564554
567017
564570
567002
564922
564633
564631
561761
567006
561740
566100
562255
564591
564926
567026
567033
561590
561743
561762
564626
562238
561752
567019
561582
562222
566102
564580
566096
564566
561566
561583
564964
567024
561570
561750
567025
567038
564544
564928
561579
566095
564997
567036
567018
564611
564612
561741
561576
567015
561584
564607
562212
564624
561564
564638
562242
567032
564992
563021
564563
564968
563011
563031
563015
563032
561749
561558
562223
561574
564599
564973
566103
564930
561769
567031
566094
567010
567005
562257
564635
564552
561763
567001
566099
567039
564603
568548
566994
566999
564993
561766
567013
562245
561586
562246
566097
564621
567009
566091
567034
567014
561744
564606
564989
566098
566104
562227
566996
564575
564550
561760
566989
564644
561589
562250
564995
563029
567028
570984
562252
564596
566991
564640
567027
564609
563026
564630
567043
562214
561573
562225
564588
562254
561572
561577
564924
561567
564933
570988
564594
561765
561764
564988
566105
564605
563003
566107
562226
563023
562216
561592
561747
