536081
528369
534469
530733
529492
530765
534455
529498
529439
528655
529466
527906
527954
525322
534471
529404
529461
536106
525314
525358
525346
529424
525389
530744
527887
527872
525380
525310
525336
529519
525341
527879
525312
529484
534464
525357
530749
529505
536102
529430
523544
529469
530720
534451
527936
527966
527881
528384
530750
523868
530759
529513
528690
528378
528383
530745
527960
536120
528410
527942
530731
523894
525307
526929
528778
529506
529472
529499
536121
527967
525320
528359
525324
530740
529508
525349
528409
529448
526990
536089
529503
525371
529510
527924
529495
527812
530722
528397
527907
525392
532009
529497
527927
525306
529453
529411
530736
527874
525361
536093
525338
532012
527885
527883
525388
532008
527902
527882
534449
523995
529493
529418
525304
522648
536071
525362
530735
527922
527911
527876
525343
534461
527901
529516
529501
525329
527905
527888
525364
527921
526965
527899
528395
528373
528406
530714
523961
530752
530697
528367
530703
525339
522655
529475
527946
528407
525333
528405
529512
525303
530727
527969
528396
536097
523578
528390
529442
536086
536073
523461
536101
530762
529481
530747
522652
527973
527880
529477
526935
525344
534453
536091
536124
527891
523823
525368
527889
534456
530742
522650
530707
535457
529399
527886
529401
534468
527971
527893
525366
528400
527965
527895
529509
529504
530761
529517
530738
534458
527864
530701
527919
525330
529415
530756
525335
529490
534450
528371
534454
525370
536078
523920
536113
528404
529434
529515
529463
527951
529507
528403
525386
528380
529407
536111
525381
536076
536122
529457
527931
525351
525319
527867
530716
529445
527918
525355
525327
530743
528358
524156
525353
523486
536107
528362
528391
525377
532010
525384
530705
530699
536104
530709
536095
527810
525347
525376
534475
529514
536084
528381
527909
528393
536118
527870
532013
528388
527898
525374
528366
536070
529487
525373
528644
528386
530712
527915
525332
528376
525391
529494
