10000
10003
10021
10026
10029
10031
10034
10037
10042
10045
10046
10050
10053
10055
10060
10061
10067
10069
10071
10080
10083
10085
10087
10090
10093
10099
101188
101204
101208
101209
101210
101213
101214
101215
101216
101217
10138
10141
10145
10148
101505
10151
10164
10166
10172
10175
10177
10184
10192
10257
10264
10276
10308
10318
10327
10328
10332
10333
10334
10335
10336
10337
10338
10339
10340
10341
10342
10343
10344
10345
10346
10347
10352
10359
10371
10372
10373
10374
10375
10376
10377
10378
10379
10380
10381
10382
104480
105105
105109
105111
105113
105117
105119
105120
105122
105123
105125
105126
105128
105129
105130
105131
105132
105133
105134
105135
105136
105137
105138
105139
105140
105145
105148
105150
105153
105154
105155
105156
105157
105158
105159
105160
105161
105162
105164
105165
105167
105168
105169
105171
105172
105173
107216
107300
107302
107304
107306
107309
107310
107313
107314
107317
107318
107320
107322
107323
107325
107330
107337
107348
107353
107354
107356
107358
107359
107360
107361
107362
107363
107364
107366
107367
107369
107370
107371
107373
107374
10744
13503
13515
13518
13519
13520
13522
13527
13530
13553
13555
13556
13558
13559
13560
15366
163286
163680
163751
168132
168135
168137
168139
168144
168146
168149
168150
168245
168246
168248
168249
168251
168257
168345
168347
168349
168352
168353
168354
168355
168356
168357
168359
168360
168387
168389
168390
168391
168393
169200
169202
169203
169204
169205
169206
169207
169208
169209
169210
169212
169217
169218
169222
169223
169224
169226
169227
169235
169241
169246
171233
171234
171375
171377
171379
171380
171381
171382
171384
171385
171387
171389
171391
171392
171394
171397
171398
171400
171403
171404
171407
171409
171412
171414
171417
171418
171419
171423
171424
171426
171428
171431
171937
173477
173479
173480
173482
173486
173487
173504
173506
173507
174019
174037
174085
174137
174139
174142
174144
174147
174149
174151
174153
174156
174157
174158
174159
174161
174163
174165
174169
174170
174173
174176
174178
174181
174183
174185
174187
174189
174190
174192
174194
174195
174929
175317
176062
176221
176222
176226
176227
176228
176229
176230
176236
176237
176238
176240
176243
176244
176246
176248
176251
176252
176255
176257
176286
176287
176289
176290
176292
176299
176300
176303
176306
176309
176312
176319
17632
176374
176395
176424
176463
176472
176522
176537
176546
176559
176562
176580
176596
176653
176719
176761
176962
176964
176970
178046
178235
178240
178274
178291
178305
178347
178537
178684
178685
178686
178687
178689
178690
178691
178692
178939
178947
178952
178953
178954
178955
178958
178965
178967
178973
178978
178984
178988
178993
179005
179033
179034
179037
179044
179048
179053
179058
179066
179069
179074
179078
179082
179088
179093
179096
179097
179098
179099
179100
179101
179103
179104
179106
179108
179110
179112
179113
179115
179116
179118
179120
179122
179124
179129
179775
180495
181223
181226
181227
181229
181230
181232
181233
181234
181235
181239
181242
181244
181246
181259
181261
181263
181266
181267
181268
181269
181271
181272
181275
181276
181277
181281
181294
181297
181298
181300
182609
182610
182611
182612
182613
182614
182616
182617
182618
182619
182620
182621
183449
183450
183452
183453
183455
183458
183461
183463
183465
183467
183470
183473
183475
183477
183478
183481
183482
183487
183489
183491
183494
183497
183498
183501
183502
183504
183505
183507
183509
183511
185292
185294
185297
185298
185299
185301
185303
185304
185803
185805
185806
185808
185809
185810
185812
185813
185815
185817
185818
185819
185820
185822
185823
185825
185826
185828
185829
185830
185833
185834
185836
185838
185840
185841
185843
185844
185845
185848
186453
187130
188307
188308
188309
188311
188314
188315
188316
188317
188319
188320
188322
188325
188326
188328
188358
188359
188361
188363
188365
188366
188369
188371
188372
188373
188374
188375
188376
188377
18918
18921
190239
190242
191284
191286
191289
191291
191293
191296
191299
191301
191304
191309
191310
191313
191314
191322
191332
191340
191345
191358
191365
191385
191746
192268
193915
195107
195109
195113
195116
195118
195126
195128
195130
195132
195135
195137
195139
195142
195144
195147
195156
195163
195166
195171
195175
195180
195185
195189
195194
195197
195202
195206
195212
195216
195221
195226
195258
197884
197886
198547
198639
198715
198717
198720
198723
198726
198729
198731
198733
198736
198740
198742
198746
198748
198765
198767
198770
198775
198776
198779
198784
198787
198790
198795
198800
198804
198806
198808
198812
201372
20170
202056
202435
202436
202438
202442
202443
202445
202447
202449
202450
202451
202453
202454
202457
202458
202459
202460
203376
203478
203497
204329
205322
205327
205480
205518
205520
205521
205522
205523
205836
206133
208473
208475
208477
208479
208481
208482
208783
208785
208789
208792
208797
208800
208804
208950
208962
208968
208995
208996
208997
209097
209100
209103
210676
210679
210685
210695
210702
210712
210719
210743
210774
210791
210895
210897
210898
211252
211271
211278
211303
211334
213689
217489
217490
217556
217557
217561
217568
217571
217572
217591
217596
217608
217618
217626
217628
218588
218632
218633
219284
219291
219296
219300
219312
219313
219317
219324
219361
219364
219365
219367
219369
219370
219371
219372
221226
221228
221234
221235
221238
221241
221243
221244
221247
221249
221250
221251
221257
221259
221261
221262
221263
223066
223102
223112
223119
223127
223137
223138
223139
223140
223141
223142
223143
223144
223145
223146
223147
223155
223161
223163
223166
223169
223171
223173
223176
223177
223178
223179
223180
223181
223182
223465
223473
223479
223481
223486
223489
223490
223492
223493
223494
224911
224924
224931
224944
224955
224962
224968
224978
224985
224988
224990
224991
224993
224994
224996
224998
225002
225003
225005
225008
225223
225225
225230
225233
225237
225241
225249
225253
225504
225509
225607
225608
225611
225613
225614
225615
225616
225620
225632
225634
225637
225640
225641
225645
225649
225652
225656
225659
225669
22640
226641
226645
226648
226649
226650
226651
226693
226742
226747
226750
226752
226755
226759
226763
226765
226769
226774
226780
226785
226795
226804
226811
226819
226822
226827
226828
226829
226832
226838
226843
226846
226849
226851
226852
226857
226863
227420
227421
227423
227428
227432
227440
227443
227445
227450
227454
227458
227460
227462
227466
227469
227471
227472
227473
227474
227476
22748
227480
227482
227484
227486
227489
22749
22750
22752
22753
228994
230256
230534
230538
230551
230558
230563
230568
230573
230579
230580
230583
230589
230593
230597
230601
230605
230610
230614
230619
230629
230631
230639
230642
230645
230648
230651
230655
230660
230663
232062
232755
232758
232764
232765
232768
232770
232771
232773
232774
232776
232778
232779
232781
232782
232784
232785
232787
232788
232789
232790
232793
232841
232855
232858
233692
234500
234501
234503
234505
234507
234508
234509
234511
234516
234517
234518
234520
234521
234524
234527
234530
234531
234533
234536
234537
234539
234541
234543
234546
234549
234551
234554
234555
234557
236462
236473
236479
236484
236492
236504
236513
236519
236525
236529
236532
236534
236537
236542
236543
236547
236554
236558
236564
236574
236581
236583
236586
236588
236591
236593
236594
236597
236599
236601
236605
238022
238027
238031
238032
238035
238038
238040
238059
238590
238622
238707
238712
238726
238734
238744
238748
238749
238752
238753
238754
238757
238762
238768
238776
238778
238784
238789
238793
240519
240734
240736
240737
240738
240740
240744
240745
240748
240749
240751
240752
240753
240756
240757
240763
240764
240768
240771
240772
24138
241451
241462
241471
24155
24167
242976
243440
244218
244398
244399
244404
244406
244409
244410
244414
244418
244420
244429
244432
244434
244435
244439
244456
244459
244463
244465
244469
244476
244481
244488
244494
244497
244500
244504
244507
244511
244513
244515
244516
245219
245222
245224
245230
245234
245236
245238
246939
247394
247399
247408
247410
247415
247419
247420
247426
247428
247429
247432
247433
247437
247441
247448
247452
247454
247456
247460
247462
247467
247476
247482
247483
247489
247494
247497
247500
247504
247507
247513
247514
247517
247521
247652
249369
249384
249390
249966
250054
250070
250075
250088
250091
250092
250103
250107
250110
250112
250117
250119
250124
250129
250134
250138
250157
250163
250165
250168
250200
250203
250209
250984
252002
254269
254279
254281
254282
254288
254292
254298
254301
254318
254324
254325
254329
254333
254335
254386
254390
254392
254397
254402
254404
254410
254412
254415
254419
254421
254426
254434
254444
254466
254622
254626
254630
254636
254643
254645
254691
254694
254699
254703
254710
254718
254720
254723
254727
254731
255820
256471
256475
256477
256480
256486
256491
256493
256495
256498
256500
256504
256507
256511
256514
256517
256529
256533
256537
256539
256543
256546
256548
256555
256560
256564
256596
256600
256605
256610
256615
256618
256625
256629
256636
256639
256651
256654
256657
256667
256681
256692
256698
256702
256705
256707
256711
256715
256719
256723
256727
256960
256962
256967
256972
256977
256986
257072
257075
257078
257080
257082
257083
257085
257189
257191
257194
257197
257200
257202
257206
257208
257211
257213
257219
257223
257228
257230
257236
257239
257246
258413
258419
258436
258442
258449
258452
258453
258456
258457
258461
258465
258468
258564
258570
258580
258772
258782
258792
258806
258813
258821
258825
258830
258832
258837
259003
259005
259007
259008
259009
259010
259011
259018
259019
259020
259021
259023
259025
259122
259124
259125
259126
259127
259128
259129
259130
259131
259132
259133
259134
259135
25929
260817
260819
260820
260822
260824
260826
260827
260830
260832
260834
260836
260838
260841
260842
260845
260847
260849
260852
260864
260866
260867
260870
260871
260876
260886
262105
262108
262109
262111
264025
266037
266044
266058
266064
266070
266076
266080
266088
266096
266098
266099
266101
266105
266108
266111
266114
266125
266129
266133
266138
266139
266140
266144
266146
266148
266150
266152
266167
266169
266172
266912
266919
266924
266929
266931
266937
266943
266947
266952
266959
266968
266972
266978
266982
266985
266993
266995
267001
267004
267008
267012
267016
267025
267036
267044
267055
267063
267073
267087
267095
267110
267125
267135
267151
267161
267169
267183
267195
267201
267209
267219
267231
267245
267253
267271
267284
267293
267309
267319
267332
267343
267356
267373
267382
267392
267404
267420
267430
267444
267457
267477
267497
267505
267508
267512
267517
267521
267525
267546
267563
267576
267589
267601
267612
267633
267652
267666
267678
267687
267708
267722
267735
267747
27211
27217
27223
27225
27235
27239
27244
27251
27253
27255
27257
27259
27260
27263
27266
279132
279136
279142
279146
279152
279157
279159
279161
279165
279167
279183
279188
279189
279193
279196
279199
279202
279205
279209
279217
279220
279222
279227
279229
279231
279234
279237
279238
279242
282045
282047
282050
282052
282054
282057
282059
282060
282061
282064
282065
282068
282070
282072
282074
282079
282081
282082
282085
282087
282090
282091
282094
282095
282097
282098
282100
282102
282103
282105
284215
290632
290639
290683
290688
290694
290705
290714
290724
290736
290743
290747
290956
290960
290963
290969
290979
290982
290987
290999
291006
291011
291013
291021
291026
291741
291744
293230
293232
293233
293234
293238
293240
293242
293244
293247
293249
293251
293253
293254
293255
293256
293259
293262
293265
293268
293270
293272
293876
293878
293881
293884
293886
293892
294024
294035
294037
294042
294045
294049
294053
294057
294059
294063
294068
294071
294074
294078
294082
294090
294093
294095
294101
294410
294412
294426
294433
294447
294454
294457
294471
294473
294476
294483
294491
294492
294493
294495
294498
294500
294503
294504
294505
294506
294507
294508
294510
294514
294516
294518
294520
294521
294524
294525
294527
294528
294530
294532
294533
294534
29598
29599
29600
29601
29604
296973
296980
296981
296985
296990
296994
296996
297004
297007
297010
297012
297016
297017
297022
297026
297030
297033
297037
297042
297045
297049
297051
297054
297058
297060
297061
297065
297068
302494
302858
304550
305066
305562
306033
306532
307036
307661
308605
308929
309287
313041
313470
313901
314466
314966
315230
315945
316533
316915
317298
318076
318385
319293
319873
320425
321051
32461
32472
32509
32517
32522
32533
32538
32624
32630
32639
32646
32650
32661
32669
32671
32678
32681
32686
32747
32749
32752
34524
34537
34546
34556
34561
34567
34906
34907
34993
35518
36716
36717
36719
36720
36721
36722
38141
38144
38147
38149
38151
38155
38158
38170
38173
38176
38181
38190
38201
38207
38233
38244
38255
38323
38374
38377
38382
38384
40019
40028
40030
40032
40054
40060
40087
40089
40097
40102
40106
40112
40120
40125
40130
40133
40139
40144
40149
40153
40164
40170
40173
40177
40183
40186
40207
40214
40228
40233
40240
41636
41638
41644
41648
41656
41674
41677
41679
41682
41686
41687
41688
41689
41690
41691
41692
41719
41720
41721
41724
41727
41729
41734
41738
41743
41748
41749
41751
41753
41756
41758
41764
41768
41771
41774
41777
41780
41783
41791
41797
41799
41802
41806
41810
41815
41819
41821
41823
41848
41856
41864
41869
41878
41886
41893
41900
41903
44025
44652
44655
44662
44665
44672
44674
44676
44680
44682
44684
44687
44690
44693
44695
44698
44700
44702
44703
44705
44706
44712
44713
44716
44720
44722
44725
44728
44729
44736
44738
44739
44743
44745
44746
44749
44751
44756
44759
44762
44764
44766
44770
44772
44773
44775
44781
44784
44786
44788
44793
44795
44797
44803
44806
44808
44809
44810
44812
44813
44814
44816
45964
45968
45970
45974
45979
45982
45986
45988
45990
45994
45997
46001
46008
46011
46014
46016
46019
46022
46032
46035
46046
46050
46053
46056
46058
46060
46063
46066
46627
46629
46644
46645
46649
46991
46994
46997
47007
47012
47025
47210
47787
47844
47850
47853
47870
47873
47876
47878
47880
47883
47886
47889
47892
47897
47898
47899
47900
47901
47904
47923
47928
47931
47939
47941
47942
48004
48009
48013
48018
48088
48093
48110
48168
48171
48174
48178
48183
48190
48192
48196
48201
48205
48220
48246
48250
48251
48253
48262
48266
48270
48288
48292
48295
48298
48300
48316
48319
49745
49748
49750
49752
49754
49761
49768
49771
49779
49781
49784
49785
49787
49788
49790
49792
49796
49798
49799
49800
49803
49805
49807
49808
49810
49812
49814
49816
49819
49823
49829
49832
49834
49836
49837
49839
49841
49842
49846
49848
49851
49853
49854
49857
49859
49862
49863
500393
500394
500396
500397
500398
500399
500401
500404
500406
500408
500410
500411
500412
500413
500414
500415
500416
500420
500422
500426
500429
500430
500431
500436
500437
500440
500444
500447
500448
500450
501113
502745
502750
502756
502760
502764
502769
502772
502775
502780
502785
502789
50286
502865
502870
502877
502887
50289
502897
502907
502915
50292
502921
502922
502925
502935
502939
50294
502941
502944
502946
50295
502950
502952
502955
502961
502967
50298
50300
50301
50302
50304
50305
50306
50308
50309
50311
50313
50314
503170
503171
503172
503174
503175
503177
503178
50318
503180
503181
50320
503231
503232
503239
503244
503249
503254
503258
503262
503267
503270
503279
503284
503287
503289
503293
503298
50330
503302
503306
503309
503310
503311
503312
503313
503316
50332
503322
503328
503330
503331
503335
503339
503341
503348
50335
503357
50336
503362
503367
503372
503377
50338
503380
503381
503382
503383
503384
503385
503386
503388
503389
503393
503400
503402
503404
50342
50344
50347
50354
50356
50358
50359
50381
50387
50389
50394
50404
50408
50412
50416
50422
50427
50432
50445
50451
50466
50472
50477
50481
50484
50487
50492
50504
50519
50528
50537
50543
50553
50557
50560
50563
50567
50570
50574
50575
50579
50581
50586
50591
506709
506711
506713
506716
506719
506721
506723
506724
506725
506728
506730
506731
506732
506734
506736
506737
506739
506742
506748
506751
506756
506761
506766
506770
506771
506773
506774
506775
506776
506778
506780
506781
506782
506783
506784
506785
506786
506787
506789
506790
506791
506792
506793
506794
506796
506797
506799
506800
506801
508005
508020
508024
508027
508030
508033
508038
508042
508048
508055
508066
508069
508073
508079
508083
508087
508097
508101
508103
508107
508110
508112
508115
508118
508120
508123
508126
508129
509962
509963
509964
509965
509966
509967
509968
509972
509974
509977
509980
509982
509983
509984
509987
509989
509991
509993
509994
509995
509996
509997
509998
509999
510000
510001
510003
510004
510005
510006
510007
510009
510010
510012
510013
510015
510016
510017
510018
510019
510020
510021
510023
510024
510025
510026
510028
510029
510030
510032
51071
510978
510981
510986
510988
510993
510996
510998
511004
511021
511028
511032
511039
511042
511046
511052
511074
511075
511077
511079
511080
511086
511095
511102
511112
511122
511130
511135
511136
511138
511140
513562
513574
513580
513586
513596
513605
513615
513627
513639
513646
513652
513659
513669
513671
513673
513675
513681
513683
513688
513743
513753
513757
513768
513775
513780
513785
513788
513790
513792
513794
516346
516353
516359
516362
516367
516376
516379
516389
516393
516399
516401
516405
516412
516417
516423
516427
516430
516431
516432
516434
516440
516444
516446
516461
516473
516490
516504
516511
516519
517623
517629
517637
51764
517644
517658
51766
517667
517674
517678
517686
517693
517704
517706
51771
517711
517718
517727
517739
517747
517750
517753
517756
517758
517759
51776
517760
517764
517772
517778
517780
517785
517787
517790
517795
51780
517803
517812
517822
517832
517840
517851
51786
517860
517869
517872
517877
517882
517885
517893
517895
517897
517899
517901
517903
517906
517909
51792
51794
51797
51800
51805
51809
51810
51813
51817
51822
51829
51831
51839
51843
51850
51856
51858
51861
51865
51866
51871
51877
51881
51897
51903
51910
51921
51925
51926
51933
51940
51943
51946
51964
51969
51972
51974
519797
519800
519806
51981
519812
519821
519834
519842
519850
519855
51986
519866
519873
519880
519889
519894
519897
51990
519918
519926
519932
519939
519945
519948
519952
519954
519956
519959
519963
519968
51997
519972
519977
519987
52005
52011
52014
52025
52036
52043
52047
52051
52053
52060
52068
52071
52075
52077
52081
52088
52098
521048
521049
521050
521051
521052
521053
521054
521055
521056
521057
521058
521059
521060
521061
521062
521063
521065
521066
521067
521069
521071
521072
521074
521075
521077
521079
521080
521081
521083
52138
522502
523491
523494
523497
523502
523506
523514
523520
524466
524469
524471
524473
524476
524479
524488
524490
524492
524495
524498
524507
524509
524512
524518
524527
524529
524533
524535
524537
524539
524542
524547
524550
524553
524555
524560
524564
524567
524569
524578
524592
524601
524607
524618
524632
524649
524663
524678
524692
524710
524739
525031
525032
525046
525059
525061
525064
525068
525070
525072
525075
525077
525078
525082
525085
525088
525091
525093
525094
525097
525099
525103
525106
525118
525131
525141
525154
525185
525198
525215
525222
525229
525237
525244
525250
525258
525264
525267
525272
525273
525275
525278
525279
525282
525283
525285
525286
525288
525291
525292
525294
525296
527288
527291
527292
527296
527302
527304
527306
527307
527311
527322
527326
527330
527336
527346
527373
527374
527379
527386
527391
527392
527394
527396
527400
527402
527405
527406
527409
527410
527412
527825
527849
527853
527868
527871
527875
527878
527890
527894
527897
527903
527908
527910
527912
527916
528789
528792
528794
528795
528797
528800
528802
528805
528806
528808
528810
528811
528813
528814
528815
528822
528824
528825
528826
528828
528829
528831
528834
528836
528838
528839
528840
528843
528845
528847
528850
528853
528854
528858
528860
528862
528864
528865
528868
528869
528871
528873
528874
528875
528877
528878
528879
528881
528883
528885
529678
529679
529680
529681
529682
529683
529684
529685
529686
529687
529688
529689
529690
529691
529692
529740
529742
529745
529746
529748
529750
529752
529753
529755
529756
529757
529758
529759
529760
529761
531105
531113
531202
531204
531206
531209
531212
531213
531214
531215
531216
531217
531218
531220
531222
531224
531237
531239
531241
531245
531248
531250
531253
531255
531258
531260
531261
531263
531265
531267
534020
534032
534034
534038
534045
534048
534052
534056
534061
534064
534067
534068
534070
534075
534076
534080
534084
534087
534088
534089
534091
534092
534095
534097
534103
534106
534110
534114
534115
534118
534123
534127
534130
534137
534139
534142
534143
534145
534149
534150
534151
534153
534158
534165
534167
534171
534176
534180
534184
534187
534194
534199
534784
534786
534788
534791
534796
534797
534801
534802
534807
534810
534811
534812
534815
534826
534846
534850
534852
534857
534860
534861
534865
534871
534877
534882
534887
534892
534903
534914
534927
535344
535348
535351
535353
535355
535357
535358
535359
535360
535364
535365
535366
535367
535368
535369
535371
535456
535459
535463
535470
535476
535478
535481
535482
535484
535486
535488
535490
535492
535495
535496
535500
535502
535504
535510
535515
535520
535523
535524
535527
535530
535534
535539
535543
535547
535551
535558
535565
535575
535584
535590
535598
535602
535606
535609
535619
535625
535627
535632
535636
535645
535654
535657
535663
535667
535672
535676
535677
535683
535686
535688
535690
535692
535694
535697
535698
535701
535703
535705
535706
535707
535708
535711
535712
535715
535718
535720
535721
535722
535725
535727
538050
538052
538055
538058
538061
538063
538066
538071
538079
538086
538092
538119
538155
538171
538214
538220
538223
538229
538238
538243
538261
538275
538284
538296
538305
538313
538317
538324
538328
538341
539416
539502
539509
539512
539514
539516
539517
539519
539520
539521
539523
539524
539527
539528
539531
539532
539533
539534
539535
539540
539542
54082
54086
540907
540910
540914
540918
540925
540929
540933
540941
540951
540957
540964
540966
540971
540974
540976
540980
540981
540983
540984
540998
541011
541018
541020
541022
541026
541030
541031
541033
541035
541036
541039
541070
541870
541910
543582
543583
543584
543585
543586
543589
543592
543594
543596
543599
543600
543603
543604
543605
543606
543608
543609
543611
543613
543614
543615
543616
543617
543619
543620
543621
543622
544599
544856
54518
54521
54535
54536
54539
54544
54548
54549
54551
54552
54553
545577
545579
54558
545580
545581
545582
545584
545585
545587
545588
54559
545590
545592
545594
545595
545596
545597
545598
545600
545601
545603
545604
54561
54566
54568
54569
54571
54575
54578
54580
54584
54587
54589
54596
54603
546050
54608
54611
54614
54617
54621
54623
54627
54632
54717
54718
54719
54720
54722
54724
54726
54727
54728
54730
54732
54734
54735
54736
54738
54739
54741
54742
54743
54746
54749
547493
547499
547501
547502
547505
547510
54752
54756
54758
547597
54761
54762
54766
54769
54774
54778
54782
54785
54787
54789
54792
54794
54795
54797
54801
54804
54807
54810
54813
54816
548179
548197
54820
548221
548236
54824
548253
548270
548287
548296
548301
548304
548307
548310
548312
548314
548315
548316
548317
548318
548321
548323
54835
54839
54841
54844
54848
54851
54855
54856
54859
54861
54863
54865
54867
54870
54872
54874
54875
54878
54879
54882
54884
54885
54886
54888
54889
54891
54892
54893
54895
54896
54897
54899
54903
54906
54908
54911
549383
549389
549396
549406
549417
549424
549429
553173
553181
553185
553190
554221
554222
554224
554225
554227
554230
554231
554233
554234
554235
554237
554238
554240
554241
554242
554245
554248
554250
554252
554253
557084
557089
557091
557098
557102
557106
557107
557108
557110
557112
557113
557115
557116
557117
557119
557123
557128
557133
557139
57139
57145
57149
57150
57152
57155
57158
57164
57171
57172
57174
57175
57176
57177
57178
57179
57181
57186
57192
57196
57197
57199
57200
57202
57203
57204
57205
57206
57208
57210
57212
57214
57220
57223
57227
57230
57237
57242
57245
57248
57251
57253
57260
57272
57275
57282
57292
57296
57299
57300
57302
57304
57307
57310
57311
57312
57320
57323
57344
57346
57347
57349
57353
59094
59096
59099
59101
59103
59106
59112
59116
59118
59137
59139
59144
59148
59150
59153
59162
59166
59169
59172
59175
59177
59180
59189
59191
59195
59196
59197
59198
59199
59200
59201
59203
59204
59205
59207
59208
59209
59211
59212
59213
59214
59216
59218
59221
59223
59225
59227
59228
59230
59232
59233
59234
59235
59236
59237
59238
59241
59242
59244
59245
59246
60784
60785
60787
60788
60789
60790
60792
60793
60794
60795
60796
60798
60801
60807
60810
60811
60814
60816
60817
60818
60819
60820
60821
60841
60845
60848
60850
60854
60855
60859
60862
60864
60865
60867
60869
60870
60872
60874
60875
60877
60878
60880
60882
60884
60887
60889
60891
60893
60917
60927
60931
60934
60938
60944
60948
60954
60963
60974
60976
60982
60986
60989
60992
60995
61000
61003
61008
61010
61012
61014
62094
62097
62100
62106
62109
62110
62111
62112
62116
62121
62122
62133
62137
62142
62154
62217
62221
62230
62238
62253
62265
62266
62267
62269
62271
62273
62275
62277
62278
62279
62281
62283
62285
62288
62291
62293
62295
62296
62297
62298
62299
62300
62302
62303
62306
62310
62312
62315
62318
62322
62324
62329
62332
62334
62337
62340
62343
62344
62352
62363
62368
62371
62381
62383
62384
62387
62389
62390
62391
62392
63345
63474
64121
64123
64126
64128
64129
64131
64133
64136
64138
64140
64142
64145
64147
64148
64152
64153
64161
64169
64172
64173
64175
64181
64186
64195
64199
64203
64206
64211
64222
64226
64230
64232
64233
64235
64239
64241
64246
64247
64261
64266
64267
64268
64269
64270
64272
64274
64277
64279
64281
64285
64289
64295
64299
64301
64304
64307
64310
66066
66068
66071
66072
66074
66075
66078
66080
66082
66084
66085
66086
66087
66088
66090
66092
66094
66103
66105
66108
66112
66115
66117
66119
66120
66121
66124
66129
66131
66133
66141
66143
66147
66148
66151
66156
66158
66160
66167
66176
66180
66183
66188
66193
66194
66197
66201
66204
66207
66214
66217
66224
66226
66234
66236
66237
66242
66245
66250
66266
66276
66292
66297
66308
66318
66341
66357
66439
66497
66499
66502
66506
66509
66511
66512
66514
66516
66520
66521
66527
66539
66548
66553
66564
66567
66971
66972
66973
66974
66975
66976
66977
66978
66979
66980
66981
66982
66983
66984
66985
66986
66987
69914
70520
70535
70591
70606
70862
70863
70866
70867
70871
70872
70876
70878
70881
70884
70885
70887
70888
70891
71143
73237
73240
73244
73250
73256
73261
73276
73289
73295
73296
73298
73306
73585
73652
73658
73681
74144
74149
74151
74153
74154
74155
74157
74161
74163
74164
74165
74166
74167
74168
74169
74170
74171
74172
74185
74186
74187
74188
74189
74263
74265
74266
74267
74268
74285
74288
74302
74320
74330
74343
74888
74891
74892
74895
74896
74898
74899
74900
74902
74903
74907
74928
74934
74936
74939
74941
74943
74945
74947
74949
74950
74958
74962
74964
74966
74968
74972
74976
74979
74994
74995
74997
74998
75000
75003
75005
75008
75010
75012
75015
75020
75022
75024
75027
75028
75029
75030
75031
75032
75033
76021
76079
76109
76176
76180
76183
76187
76192
76193
76195
76196
76199
76210
76221
76222
76223
76225
76227
76228
76229
76231
76233
76234
76242
76245
76246
76248
76251
76256
76259
76263
76266
76270
76274
76276
76278
76280
76281
76283
76284
76285
76286
76287
76288
76290
76293
76295
76298
76300
76303
77303
77308
77317
77318
77322
77323
77324
77325
77326
77327
77328
77329
77330
77331
77332
77334
77337
77339
77342
77345
77352
77354
77363
77372
77378
77381
77383
77387
77391
77392
77396
77399
77402
77404
77405
79002
79003
79004
79005
79006
79007
79008
79009
79010
79011
79012
79015
79017
79019
79020
79022
79024
79027
79028
79030
79031
79033
79034
79035
79037
79038
79040
79041
79043
79045
79047
79050
79052
79055
79063
79064
79065
79068
79070
79072
79076
79080
79084
79086
79087
79090
79093
79094
79097
80078
80776
80778
80780
80782
80784
80823
80825
80829
80843
80844
80845
80849
80850
80853
80859
80861
80863
80864
80865
80867
80870
80872
80874
80876
80877
80880
80882
80897
80899
80900
80902
80907
80908
80910
80942
80944
80949
80952
80953
80957
80959
80961
80964
80965
80967
80969
80971
80973
80975
80977
82021
82027
82028
82029
82031
82035
82040
82042
82043
82044
83107
83112
83115
83121
83130
83141
83146
83149
83153
83155
83192
83200
83206
83210
83213
83214
83218
83229
83239
83241
83242
83244
83245
83247
83250
83252
83255
83258
83264
83266
83273
83275
83914
83917
83918
83919
83920
83921
83922
83923
83924
86904
86906
86910
86929
86932
86934
86941
86946
86953
86958
86967
86980
86989
86996
87005
87094
87107
87109
87114
87117
87119
87122
87123
87128
87146
87149
87155
87163
87171
87181
87795
87797
87799
87800
87802
87803
87807
87808
87815
87821
89807
89823
89832
89833
89837
89845
91131
92318
92334
92342
92345
92353
92356
92359
92381
92393
92827
92854
92940
93003
93015
93020
93026
93038
93044
93052
93154
93189
93192
93219
93234
93237
93444
94360
94365
94375
94391
94417
94450
94477
94491
94514
94528
94542
94555
94564
94574
94575
94580
94584
94585
94586
94588
94592
94593
94596
94598
94602
94607
94609
95193
95201
95213
95216
95221
95224
95227
95235
95251
95253
95255
95277
9631
9634
9635
9636
9639
9641
9643
96445
9645
96467
9648
96523
9653
96543
9656
9658
9660
96618
96620
96623
96628
9664
96664
96666
96670
96671
9668
9673
9675
9677
96785
9681
9683
9688
96916
96917
96921
96924
9693
96944
96999
97002
97098
97185
97568
97573
97582
97598
97602
97605
97607
97620
97628
97631
97672
97674
97675
97677
9965
9968
9974
9975
9976
99761
99827
9994
9997
9998
