54855
54571
47897
47880
66088
51850
47923
66502
49754
54552
44729
66499
50581
32646
41821
10328
10177
9648
41688
70535
62281
66080
49805
41689
10145
10085
59238
63345
41721
62267
9660
64148
27260
66129
64270
60788
54549
44743
64279
54801
32681
62298
59209
60878
59177
44797
62391
54774
10378
54787
40153
66194
59172
41903
27235
66981
41738
52088
44728
54728
59101
59144
66983
44720
44700
64123
48205
50344
15366
22752
57349
66180
54621
50477
40125
40233
41682
44762
49837
13522
57310
49857
54769
54726
41764
57253
51865
66197
60841
49836
46014
44810
62293
59196
51926
61012
48190
66971
40106
46058
62111
48088
64142
57150
52075
40186
38201
54870
54756
62310
44756
54539
50528
70520
50347
54807
54911
64186
51829
62097
47941
10083
54782
44690
62121
70591
62221
62100
66117
59245
57299
41687
9634
59216
48093
27266
48110
66266
9681
66226
54785
54762
46056
47928
66514
66985
62297
62110
60880
57296
50543
47873
54719
44812
66217
57155
54795
49846
57174
48319
54741
51972
27257
25929
38141
48168
10373
10264
48288
50553
62285
50557
48018
66276
54863
66193
51981
10346
48246
13530
50336
60927
45982
50579
45974
44764
17632
10308
44725
46053
60934
59232
54718
51925
44687
64173
51822
44808
49834
64304
44698
44684
35518
61003
50308
40177
40054
44759
10744
10164
60989
64195
59205
51805
46032
32749
66982
62329
62271
57237
60976
49829
22640
10276
44766
48292
57164
48220
46022
50394
64129
47901
51877
62390
60872
60845
59236
44025
49859
54841
57210
40144
54589
41724
10334
41743
32509
66201
57214
54551
50537
50294
44739
49807
32461
59201
54851
52098
50286
64274
51903
50356
10175
10031
60862
40164
57304
59213
54580
54739
70881
51964
64272
57158
40019
59197
62295
50422
50313
44680
57292
54575
54752
49853
66521
66092
60785
49761
49750
47787
44786
13518
54632
10340
62306
57302
9675
59191
54544
66297
59099
34906
64136
13555
41864
34556
9631
47878
50481
57311
59212
24167
27255
10067
54727
50389
64126
10336
10341
64269
50404
10053
64203
29599
41749
54730
62230
60963
32671
66986
54875
54872
10029
46050
54804
44751
54893
50567
45988
66553
47898
70862
62112
62296
49832
13559
51921
60870
59228
64299
66214
66308
10371
32517
38173
46629
59199
54813
52053
64295
47942
59208
44712
64226
59203
60821
49854
46627
54865
64175
49842
46063
66148
64199
41810
64153
57172
60938
46997
66156
64145
44674
57307
62142
36719
60787
66131
49814
64233
52077
51071
48013
46011
27253
50586
49752
47892
62381
47876
60992
66075
60986
49862
40173
9658
50412
41644
52011
44773
52047
41819
66984
44814
44806
54561
41636
9975
46008
10342
66357
51771
60811
41848
41720
57204
10343
60814
64235
51933
54835
52051
41686
41727
38170
38190
13560
10061
64140
57181
51813
40133
64310
49781
10344
40112
64247
50305
54720
62340
51897
10021
54732
41771
10080
54867
45986
66147
59189
57175
62352
50381
41869
64239
41758
38377
36717
50472
66976
44706
54518
59244
57245
44665
41806
32630
54724
60864
27244
44672
48270
70863
62278
10376
60974
47931
40089
59214
54569
49812
48192
60819
62238
60792
41756
38151
57282
54608
41777
27211
9677
10338
54885
50408
62253
66071
44716
44682
66234
54899
44770
38382
49851
49779
57300
62116
48183
32747
60848
51866
51946
64172
54874
54734
27225
50574
44793
34993
70871
57227
64241
59166
66120
50591
50487
70872
27239
62291
27251
41753
44795
59153
60917
69914
57176
59221
50519
36721
10375
50318
40149
44784
41648
40087
50304
64277
66497
54086
48009
66078
50432
47899
44813
38147
32669
9636
10138
52043
59139
54797
36720
10069
64181
70867
62266
54548
27263
57312
66974
41729
57346
46066
54521
50320
38244
13520
57179
36716
59235
10055
51794
47900
47012
62269
59094
57260
54896
10000
57353
51792
66188
66512
64222
54810
44695
47853
47007
62368
62299
48171
40207
60855
46019
10026
9688
60891
66103
59137
41768
66183
32686
57206
45968
60869
64121
50560
10151
10327
66250
9998
64230
59162
62283
62106
57186
62389
46649
51766
38207
41791
22748
59234
59233
70876
66341
59096
54906
54627
46046
40170
38181
38158
57320
10172
51786
49792
9635
41674
50354
52068
54824
44722
38233
54623
51843
60816
60810
9693
49816
44676
66207
9997
20170
66975
62383
66972
36722
41734
32639
54617
66977
44736
47904
62315
10148
57242
54558
54735
59211
9965
51858
50314
59175
66141
44803
64285
59195
54778
51831
62363
50302
51817
66204
27217
10339
10093
47889
41900
59223
51797
54792
46035
62217
49819
60784
48178
48300
59106
57199
49787
60948
49863
54897
50301
9968
66224
48004
49839
61000
57152
46991
10382
38144
34907
51861
66112
54848
45979
9641
44749
51990
64138
57203
54789
62277
54736
41751
64281
46060
64133
60798
50298
29600
10060
66160
38384
49768
60854
49785
48196
40130
38374
62265
38155
44745
64261
29601
50342
10335
66548
41878
41893
32624
45970
44772
44702
64147
10166
32472
40028
66506
66245
44816
66133
45994
34524
60874
18918
45964
54884
32678
54839
10090
47844
66292
10046
66511
51910
32533
59207
61008
64246
60795
66086
59148
51969
51809
50289
49810
57196
59218
66124
57139
10347
64267
54820
64211
18921
44809
10045
57251
54611
48316
9645
32650
40120
64152
62279
51940
50295
66084
10359
50300
54895
44738
10332
62387
40183
64301
54568
54536
46001
22750
10380
52081
54603
66121
62300
57145
49771
54559
44652
54578
64232
57200
48201
24155
62334
66509
50466
54584
9668
50570
66520
60790
60796
60793
48262
62137
41692
57208
54879
54859
62343
66539
46994
60789
61014
38149
41783
60893
60817
64268
10333
57171
38176
10257
24138
60875
54743
41719
52060
54892
10087
70878
50292
54882
62275
60882
66085
60931
44788
40060
41679
66074
44775
49796
47025
51776
50445
60801
49790
13515
50484
47870
57223
50309
54749
41799
57344
50575
10184
62318
50338
40214
59200
66979
51810
44746
50335
59230
50306
62322
13503
9683
60818
59169
54742
60794
10192
10003
54816
70866
52036
9976
41886
48174
62094
59118
60807
49788
60887
48298
60954
52005
41677
41656
45990
66439
64131
54888
64161
44703
66987
50416
13553
49823
44713
54794
66318
57192
50451
41638
66978
54886
41690
66105
9656
59198
34546
10381
62273
22749
59246
51997
49841
46644
52014
57347
48251
41856
52138
32752
9653
60859
51986
38255
66980
66527
66066
59242
54889
9974
9673
59241
50427
48295
10374
60995
54535
51764
66176
49808
64169
60889
60820
50330
49803
66242
9664
54761
59103
52071
22753
44662
57212
40030
10377
10034
66094
41797
66082
64289
59204
66567
66167
54878
51780
62344
57220
54722
60884
60850
57149
60944
41802
10337
54746
59237
41774
10379
66516
60982
59116
51856
10318
49799
64128
9994
66072
66068
10099
57272
66143
54596
52025
40240
54891
54553
44693
57205
47210
32538
62122
54587
50387
48266
47886
13527
40102
44655
50492
66115
57177
40097
27223
40032
70884
70606
62133
51974
62302
47850
66158
59150
62109
50311
54614
40139
13556
10141
60867
41780
54861
29598
57197
46016
41823
59227
54758
49798
64307
50563
63474
66108
62312
62303
54856
62324
60865
66564
60877
10345
66151
50332
51800
44781
66236
13558
57323
50504
59225
41748
62392
66237
9643
66973
66090
66119
51881
41815
38323
54844
64266
62288
66087
51871
49848
49745
44705
34567
54903
57248
10037
49800
34537
41691
57230
54082
57202
50359
49748
32522
27259
13519
48253
62154
50358
46645
57275
64206
61010
45997
10372
10352
47939
10050
54738
51839
54717
40228
49784
10042
59180
59112
54766
62332
51943
62337
32661
9639
62371
29604
57178
62384
54908
34561
48250
54566
10071
47883
