584645
576208
578718
586377
581502
581156
587988
584623
581349
587881
581304
576237
584361
584367
584325
576198
584381
585443
576210
588128
586650
585454
576255
585327
584380
576258
585461
585104
581378
578931
584569
587498
581376
588118
588447
576260
586647
578915
576226
586498
587912
584598
588445
585174
586493
586439
578882
584342
585453
576183
581346
589572
584803
578870
578922
585458
582277
578872
576146
584355
585463
578903
576276
581464
581166
578930
576114
588431
581319
588442
586488
586503
587526
588123
576241
585442
581275
576197
584656
578894
576247
584336
581333
578888
586501
578695
586594
585455
576212
576207
588430
585182
584346
586653
585107
584638
586482
576201
585175
585173
581336
586333
576225
587888
584697
586652
585171
586499
585110
581316
584744
586489
581360
588440
584399
585176
581173
582264
588439
585444
584350
581330
584629
585445
587566
578902
588443
581280
576219
585138
584323
588432
584329
578918
581344
576266
576191
584776
581286
578887
581326
576273
586480
587947
578890
586494
588428
585117
578892
581370
587873
588429
584389
585449
588446
578885
578914
585170
587856
585446
578709
588105
585437
588441
585448
585439
577637
585464
576235
585440
581322
578910
585111
576249
581290
584683
581293
584331
588434
581352
585165
588436
584335
584339
588082
584720
577642
578867
577654
584374
578600
581312
586502
576125
581409
586459
585115
576254
585151
584790
586500
585465
581281
584407
588427
581357
581291
585450
586504
587539
578698
586656
580285
586469
587901
578906
584810
584396
584383
576277
576264
578730
587914
578865
585435
578928
585452
578713
588064
576215
588448
583272
587492
580289
584363
581391
586492
581339
586433
587043
586511
576129
578725
587883
581320
581182
584333
585131
578859
578881
584505
584360
586465
584376
581265
585457
576109
581285
586365
580027
581224
587535
578876
576246
581236
581314
585438
586491
584542
584371
576119
578874
578924
584403
581302
585434
581440
584341
580277
581307
588000
588435
576242
581297
578911
578884
578701
585459
576270
580301
588437
585462
585181
586296
584327
584558
584338
578927
580293
582190
585466
577648
585254
584353
587863
588060
588027
587531
588444
585460
586662
587974
578934
586660
585447
584676
584352
584345
576278
578722
581246
585436
584344
586486
578904
580305
584392
578907
584406
586640
581309
581278
581191
586507
587547
585451
579610
576243
576236
578905
584364
579607
576218
578868
580287
588055
576256
576232
586483
576239
584349
585441
586479
586496
581340
584074
588433
589575
578893
584385
578861
578694
588438
579624
584358
581300
578879
587956
576244
581310
581203
584759
576248
587008
585456
581487
586538
585187
586407
585103
576227
580271
580297
581283
